11 -1 4 -1 2 -1 13 -1 16 -1 11 -1 8 -1 15 -1 8 -1 0 -1 7 -1 10 -1 19 -1 2 -1 15 -1 4 -1 6 -1 10 -1 13 -1 11 -1 2 -1 24 -1 10 -1 12 -1 5 -1 12 -1 21 -1 18 -1 19 -1 18 -1 19 -1 21 -1 15 -1 21 -1 10 -1 17 -1 6 -1 2 -1 8 -1 3 -1 21 -1 2 -1 15 -1 10 -1 13 -1 18 -1 0 -1 11 -1 21 -1 10 -1 24 -1 21 -1 2 -1 2 -1 13 -1 19 -1 3 -1 17 -1 2 -1 13 -1 -2
11 -1 10 -1 2 -1 7 -1 13 -1 19 -1 16 -1 11 -1 15 -1 5 -1 8 -1 24 -1 10 -1 19 -1 2 -1 15 -1 4 -1 6 -1 10 -1 13 -1 11 -1 2 -1 5 -1 10 -1 19 -1 19 -1 11 -1 10 -1 10 -1 11 -1 15 -1 11 -1 10 -1 8 -1 15 -1 8 -1 10 -1 17 -1 6 -1 2 -1 0 -1 0 -1 19 -1 2 -1 15 -1 10 -1 18 -1 18 -1 0 -1 11 -1 11 -1 10 -1 21 -1 21 -1 2 -1 2 -1 18 -1 19 -1 3 -1 10 -1 2 -1 -2
11 -1 10 -1 2 -1 7 -1 13 -1 10 -1 11 -1 21 -1 15 -1 5 -1 11 -1 18 -1 10 -1 19 -1 2 -1 15 -1 4 -1 6 -1 10 -1 13 -1 11 -1 2 -1 24 -1 10 -1 12 -1 19 -1 12 -1 11 -1 10 -1 12 -1 15 -1 10 -1 8 -1 15 -1 8 -1 10 -1 17 -1 6 -1 2 -1 19 -1 3 -1 0 -1 2 -1 15 -1 10 -1 18 -1 18 -1 11 -1 11 -1 21 -1 10 -1 21 -1 21 -1 2 -1 2 -1 13 -1 10 -1 3 -1 10 -1 2 -1 13 -1 -2
11 -1 10 -1 2 -1 13 -1 10 -1 11 -1 8 -1 15 -1 8 -1 0 -1 18 -1 10 -1 19 -1 2 -1 15 -1 0 -1 6 -1 10 -1 13 -1 11 -1 2 -1 24 -1 10 -1 12 -1 5 -1 12 -1 12 -1 18 -1 3 -1 11 -1 19 -1 8 -1 15 -1 21 -1 10 -1 17 -1 6 -1 2 -1 8 -1 3 -1 21 -1 2 -1 15 -1 10 -1 13 -1 18 -1 11 -1 11 -1 21 -1 10 -1 24 -1 21 -1 2 -1 2 -1 13 -1 19 -1 3 -1 17 -1 2 -1 13 -1 -2
11 -1 10 -1 2 -1 7 -1 10 -1 11 -1 21 -1 15 -1 15 -1 21 -1 22 -1 10 -1 19 -1 2 -1 15 -1 4 -1 6 -1 10 -1 13 -1 11 -1 2 -1 24 -1 10 -1 12 -1 5 -1 12 -1 21 -1 18 -1 19 -1 18 -1 19 -1 21 -1 15 -1 21 -1 10 -1 17 -1 6 -1 2 -1 8 -1 3 -1 21 -1 2 -1 15 -1 10 -1 13 -1 18 -1 0 -1 11 -1 21 -1 10 -1 24 -1 21 -1 2 -1 2 -1 18 -1 19 -1 3 -1 10 -1 2 -1 13 -1 -2
11 -1 4 -1 2 -1 13 -1 10 -1 11 -1 21 -1 15 -1 8 -1 0 -1 7 -1 10 -1 19 -1 2 -1 15 -1 0 -1 6 -1 10 -1 13 -1 11 -1 2 -1 24 -1 16 -1 12 -1 24 -1 12 -1 21 -1 18 -1 10 -1 18 -1 19 -1 8 -1 15 -1 21 -1 10 -1 17 -1 6 -1 2 -1 8 -1 3 -1 21 -1 2 -1 15 -1 10 -1 18 -1 18 -1 11 -1 11 -1 21 -1 10 -1 24 -1 21 -1 2 -1 2 -1 13 -1 19 -1 3 -1 17 -1 2 -1 13 -1 -2
11 -1 10 -1 2 -1 13 -1 16 -1 11 -1 8 -1 15 -1 15 -1 5 -1 22 -1 10 -1 19 -1 2 -1 15 -1 10 -1 6 -1 10 -1 13 -1 11 -1 2 -1 24 -1 10 -1 12 -1 19 -1 12 -1 17 -1 0 -1 0 -1 15 -1 12 -1 21 -1 15 -1 21 -1 10 -1 17 -1 6 -1 2 -1 8 -1 3 -1 21 -1 2 -1 15 -1 10 -1 18 -1 18 -1 11 -1 11 -1 8 -1 10 -1 24 -1 12 -1 2 -1 2 -1 13 -1 19 -1 13 -1 10 -1 2 -1 13 -1 -2
11 -1 10 -1 2 -1 13 -1 10 -1 11 -1 8 -1 15 -1 11 -1 0 -1 24 -1 10 -1 19 -1 2 -1 15 -1 0 -1 6 -1 10 -1 13 -1 11 -1 2 -1 24 -1 10 -1 12 -1 24 -1 12 -1 21 -1 18 -1 13 -1 10 -1 19 -1 21 -1 15 -1 21 -1 10 -1 17 -1 6 -1 2 -1 8 -1 3 -1 21 -1 2 -1 15 -1 10 -1 13 -1 18 -1 11 -1 21 -1 11 -1 10 -1 24 -1 4 -1 2 -1 2 -1 13 -1 19 -1 3 -1 17 -1 2 -1 13 -1 -2
11 -1 10 -1 2 -1 7 -1 10 -1 11 -1 21 -1 15 -1 15 -1 21 -1 22 -1 10 -1 19 -1 2 -1 15 -1 4 -1 6 -1 10 -1 13 -1 11 -1 2 -1 24 -1 10 -1 12 -1 5 -1 12 -1 21 -1 18 -1 19 -1 18 -1 19 -1 21 -1 15 -1 21 -1 10 -1 17 -1 6 -1 2 -1 8 -1 3 -1 21 -1 2 -1 15 -1 10 -1 3 -1 18 -1 0 -1 11 -1 21 -1 10 -1 24 -1 21 -1 2 -1 2 -1 18 -1 19 -1 3 -1 10 -1 2 -1 13 -1 -2
11 -1 10 -1 2 -1 13 -1 10 -1 11 -1 21 -1 15 -1 8 -1 0 -1 24 -1 10 -1 19 -1 2 -1 15 -1 4 -1 6 -1 10 -1 13 -1 11 -1 2 -1 24 -1 10 -1 12 -1 5 -1 12 -1 12 -1 18 -1 3 -1 11 -1 19 -1 8 -1 15 -1 21 -1 10 -1 17 -1 6 -1 2 -1 8 -1 3 -1 21 -1 2 -1 15 -1 10 -1 13 -1 18 -1 11 -1 11 -1 21 -1 10 -1 24 -1 21 -1 2 -1 2 -1 13 -1 19 -1 3 -1 17 -1 2 -1 13 -1 -2
11 -1 10 -1 2 -1 13 -1 16 -1 11 -1 8 -1 15 -1 15 -1 5 -1 22 -1 10 -1 19 -1 2 -1 15 -1 10 -1 6 -1 10 -1 13 -1 11 -1 2 -1 24 -1 10 -1 12 -1 19 -1 12 -1 17 -1 0 -1 0 -1 15 -1 12 -1 21 -1 15 -1 21 -1 10 -1 17 -1 6 -1 2 -1 8 -1 3 -1 21 -1 2 -1 15 -1 10 -1 18 -1 18 -1 11 -1 11 -1 8 -1 10 -1 24 -1 12 -1 2 -1 2 -1 13 -1 19 -1 3 -1 10 -1 2 -1 13 -1 -2
12 -1 10 -1 19 -1 11 -1 11 -1 11 -1 19 -1 19 -1 21 -1 21 -1 21 -1 19 -1 8 -1 21 -1 2 -1 11 -1 3 -1 11 -1 4 -1 24 -1 19 -1 11 -1 10 -1 2 -1 13 -1 10 -1 11 -1 21 -1 15 -1 11 -1 5 -1 24 -1 10 -1 19 -1 2 -1 15 -1 0 -1 6 -1 10 -1 13 -1 11 -1 2 -1 24 -1 10 -1 12 -1 5 -1 12 -1 21 -1 0 -1 19 -1 15 -1 10 -1 21 -1 15 -1 21 -1 10 -1 17 -1 6 -1 2 -1 8 -1 3 -1 -2
11 -1 10 -1 2 -1 7 -1 13 -1 10 -1 21 -1 21 -1 15 -1 5 -1 11 -1 18 -1 10 -1 19 -1 2 -1 15 -1 4 -1 6 -1 10 -1 13 -1 11 -1 2 -1 24 -1 10 -1 12 -1 19 -1 11 -1 10 -1 10 -1 21 -1 15 -1 10 -1 8 -1 15 -1 8 -1 10 -1 17 -1 6 -1 2 -1 19 -1 3 -1 0 -1 2 -1 15 -1 10 -1 18 -1 18 -1 11 -1 11 -1 21 -1 13 -1 21 -1 12 -1 2 -1 2 -1 10 -1 19 -1 3 -1 10 -1 2 -1 13 -1 -2
11 -1 10 -1 2 -1 13 -1 10 -1 11 -1 21 -1 15 -1 11 -1 5 -1 24 -1 10 -1 19 -1 2 -1 15 -1 0 -1 6 -1 10 -1 13 -1 11 -1 2 -1 24 -1 10 -1 12 -1 5 -1 12 -1 21 -1 18 -1 13 -1 11 -1 19 -1 21 -1 15 -1 21 -1 10 -1 17 -1 6 -1 2 -1 8 -1 3 -1 21 -1 2 -1 15 -1 10 -1 13 -1 18 -1 0 -1 11 -1 21 -1 10 -1 24 -1 21 -1 2 -1 2 -1 13 -1 19 -1 3 -1 17 -1 2 -1 13 -1 -2
11 -1 10 -1 2 -1 7 -1 10 -1 11 -1 21 -1 15 -1 15 -1 5 -1 22 -1 10 -1 19 -1 2 -1 15 -1 4 -1 6 -1 10 -1 13 -1 11 -1 2 -1 24 -1 10 -1 12 -1 24 -1 12 -1 21 -1 0 -1 19 -1 15 -1 12 -1 11 -1 15 -1 21 -1 10 -1 17 -1 6 -1 2 -1 8 -1 3 -1 21 -1 2 -1 15 -1 10 -1 3 -1 18 -1 0 -1 11 -1 21 -1 10 -1 24 -1 12 -1 2 -1 2 -1 13 -1 19 -1 3 -1 10 -1 2 -1 13 -1 -2
11 -1 10 -1 2 -1 13 -1 10 -1 11 -1 8 -1 15 -1 11 -1 0 -1 24 -1 10 -1 19 -1 2 -1 15 -1 0 -1 6 -1 10 -1 13 -1 11 -1 2 -1 24 -1 10 -1 12 -1 5 -1 12 -1 21 -1 18 -1 13 -1 10 -1 19 -1 21 -1 15 -1 21 -1 10 -1 17 -1 6 -1 2 -1 8 -1 3 -1 21 -1 2 -1 15 -1 10 -1 13 -1 18 -1 11 -1 11 -1 21 -1 10 -1 24 -1 21 -1 2 -1 2 -1 13 -1 19 -1 3 -1 17 -1 2 -1 13 -1 -2
8 -1 10 -1 2 -1 7 -1 13 -1 19 -1 11 -1 11 -1 15 -1 5 -1 8 -1 24 -1 10 -1 19 -1 2 -1 15 -1 4 -1 6 -1 16 -1 13 -1 11 -1 2 -1 5 -1 10 -1 6 -1 19 -1 11 -1 10 -1 5 -1 15 -1 10 -1 10 -1 19 -1 19 -1 24 -1 13 -1 17 -1 6 -1 2 -1 0 -1 0 -1 19 -1 2 -1 15 -1 10 -1 18 -1 18 -1 11 -1 11 -1 21 -1 10 -1 24 -1 21 -1 2 -1 2 -1 13 -1 19 -1 13 -1 10 -1 2 -1 13 -1 -2
11 -1 10 -1 2 -1 13 -1 16 -1 11 -1 8 -1 15 -1 15 -1 5 -1 22 -1 10 -1 19 -1 2 -1 15 -1 10 -1 6 -1 10 -1 13 -1 11 -1 2 -1 24 -1 10 -1 12 -1 19 -1 12 -1 17 -1 6 -1 0 -1 18 -1 10 -1 21 -1 15 -1 21 -1 10 -1 17 -1 6 -1 2 -1 8 -1 3 -1 21 -1 2 -1 15 -1 10 -1 18 -1 18 -1 11 -1 11 -1 8 -1 10 -1 24 -1 12 -1 2 -1 2 -1 13 -1 19 -1 3 -1 10 -1 2 -1 13 -1 -2
11 -1 10 -1 2 -1 13 -1 10 -1 11 -1 21 -1 15 -1 11 -1 5 -1 24 -1 10 -1 19 -1 2 -1 15 -1 0 -1 6 -1 10 -1 13 -1 11 -1 2 -1 24 -1 10 -1 12 -1 24 -1 12 -1 21 -1 0 -1 19 -1 15 -1 10 -1 21 -1 15 -1 21 -1 10 -1 17 -1 6 -1 2 -1 8 -1 3 -1 21 -1 2 -1 15 -1 10 -1 18 -1 18 -1 11 -1 21 -1 11 -1 10 -1 24 -1 21 -1 2 -1 2 -1 13 -1 19 -1 3 -1 17 -1 2 -1 13 -1 -2
11 -1 10 -1 2 -1 7 -1 16 -1 11 -1 8 -1 15 -1 15 -1 5 -1 22 -1 10 -1 19 -1 2 -1 15 -1 4 -1 6 -1 10 -1 13 -1 11 -1 2 -1 24 -1 10 -1 12 -1 24 -1 12 -1 21 -1 0 -1 19 -1 15 -1 12 -1 8 -1 15 -1 21 -1 10 -1 17 -1 6 -1 2 -1 8 -1 3 -1 21 -1 2 -1 15 -1 10 -1 13 -1 18 -1 0 -1 11 -1 21 -1 10 -1 24 -1 12 -1 2 -1 2 -1 13 -1 19 -1 3 -1 10 -1 2 -1 13 -1 -2
11 -1 10 -1 2 -1 10 -1 10 -1 11 -1 21 -1 15 -1 11 -1 5 -1 18 -1 10 -1 19 -1 2 -1 15 -1 0 -1 6 -1 10 -1 13 -1 11 -1 2 -1 24 -1 10 -1 12 -1 5 -1 12 -1 21 -1 0 -1 0 -1 15 -1 7 -1 21 -1 15 -1 21 -1 10 -1 17 -1 6 -1 2 -1 8 -1 3 -1 21 -1 2 -1 15 -1 10 -1 18 -1 18 -1 11 -1 11 -1 21 -1 10 -1 24 -1 21 -1 2 -1 2 -1 13 -1 19 -1 3 -1 10 -1 2 -1 13 -1 -2
11 -1 10 -1 2 -1 7 -1 13 -1 10 -1 11 -1 21 -1 15 -1 5 -1 11 -1 18 -1 10 -1 19 -1 2 -1 15 -1 3 -1 6 -1 10 -1 13 -1 11 -1 2 -1 24 -1 10 -1 12 -1 18 -1 12 -1 4 -1 21 -1 19 -1 15 -1 12 -1 8 -1 15 -1 8 -1 10 -1 17 -1 6 -1 2 -1 19 -1 3 -1 19 -1 2 -1 15 -1 10 -1 18 -1 18 -1 11 -1 11 -1 21 -1 10 -1 21 -1 21 -1 2 -1 2 -1 10 -1 19 -1 3 -1 10 -1 2 -1 13 -1 -2
11 -1 10 -1 2 -1 13 -1 10 -1 11 -1 21 -1 15 -1 11 -1 5 -1 24 -1 10 -1 19 -1 2 -1 15 -1 0 -1 6 -1 10 -1 13 -1 11 -1 2 -1 24 -1 10 -1 12 -1 5 -1 12 -1 21 -1 0 -1 19 -1 15 -1 10 -1 21 -1 15 -1 21 -1 10 -1 17 -1 6 -1 2 -1 8 -1 3 -1 21 -1 2 -1 15 -1 10 -1 18 -1 18 -1 11 -1 11 -1 21 -1 10 -1 24 -1 21 -1 2 -1 2 -1 13 -1 19 -1 3 -1 17 -1 2 -1 13 -1 -2
11 -1 10 -1 2 -1 24 -1 10 -1 11 -1 21 -1 15 -1 15 -1 5 -1 22 -1 10 -1 19 -1 2 -1 15 -1 4 -1 6 -1 10 -1 13 -1 11 -1 2 -1 24 -1 10 -1 12 -1 24 -1 12 -1 21 -1 18 -1 19 -1 11 -1 19 -1 21 -1 15 -1 21 -1 10 -1 17 -1 6 -1 2 -1 8 -1 3 -1 21 -1 2 -1 15 -1 10 -1 13 -1 18 -1 0 -1 11 -1 21 -1 10 -1 24 -1 21 -1 2 -1 2 -1 13 -1 19 -1 3 -1 10 -1 2 -1 13 -1 -2
11 -1 10 -1 2 -1 13 -1 10 -1 11 -1 8 -1 15 -1 11 -1 0 -1 24 -1 10 -1 19 -1 2 -1 15 -1 0 -1 6 -1 10 -1 13 -1 11 -1 2 -1 24 -1 10 -1 12 -1 5 -1 12 -1 21 -1 18 -1 13 -1 10 -1 19 -1 21 -1 15 -1 21 -1 10 -1 17 -1 6 -1 2 -1 8 -1 3 -1 0 -1 2 -1 15 -1 10 -1 13 -1 18 -1 11 -1 11 -1 21 -1 10 -1 24 -1 21 -1 2 -1 2 -1 13 -1 19 -1 3 -1 17 -1 2 -1 13 -1 -2
8 -1 10 -1 2 -1 7 -1 13 -1 19 -1 15 -1 11 -1 15 -1 5 -1 8 -1 24 -1 10 -1 19 -1 2 -1 15 -1 4 -1 6 -1 13 -1 13 -1 11 -1 2 -1 5 -1 10 -1 6 -1 19 -1 11 -1 10 -1 5 -1 15 -1 10 -1 10 -1 8 -1 19 -1 24 -1 10 -1 17 -1 6 -1 2 -1 0 -1 3 -1 0 -1 2 -1 15 -1 10 -1 19 -1 18 -1 0 -1 11 -1 21 -1 10 -1 24 -1 21 -1 2 -1 2 -1 13 -1 19 -1 3 -1 10 -1 2 -1 13 -1 -2
11 -1 10 -1 2 -1 13 -1 17 -1 11 -1 8 -1 15 -1 15 -1 5 -1 22 -1 10 -1 19 -1 2 -1 15 -1 4 -1 6 -1 10 -1 13 -1 11 -1 2 -1 24 -1 10 -1 12 -1 19 -1 12 -1 17 -1 11 -1 0 -1 15 -1 10 -1 21 -1 15 -1 21 -1 10 -1 17 -1 6 -1 2 -1 8 -1 3 -1 21 -1 2 -1 15 -1 10 -1 18 -1 18 -1 11 -1 11 -1 8 -1 10 -1 24 -1 12 -1 2 -1 2 -1 13 -1 19 -1 13 -1 10 -1 2 -1 13 -1 -2
11 -1 10 -1 2 -1 13 -1 10 -1 11 -1 8 -1 15 -1 11 -1 0 -1 24 -1 10 -1 19 -1 2 -1 15 -1 0 -1 6 -1 10 -1 13 -1 11 -1 2 -1 24 -1 10 -1 12 -1 5 -1 12 -1 21 -1 18 -1 13 -1 10 -1 19 -1 21 -1 15 -1 21 -1 10 -1 17 -1 6 -1 2 -1 8 -1 3 -1 21 -1 2 -1 15 -1 10 -1 13 -1 18 -1 11 -1 21 -1 11 -1 10 -1 24 -1 21 -1 2 -1 2 -1 13 -1 19 -1 3 -1 17 -1 2 -1 13 -1 -2
11 -1 10 -1 2 -1 13 -1 16 -1 11 -1 8 -1 15 -1 15 -1 5 -1 22 -1 10 -1 19 -1 2 -1 15 -1 10 -1 6 -1 10 -1 13 -1 11 -1 2 -1 24 -1 13 -1 12 -1 24 -1 12 -1 21 -1 18 -1 19 -1 18 -1 19 -1 21 -1 15 -1 21 -1 10 -1 17 -1 6 -1 2 -1 8 -1 3 -1 21 -1 2 -1 15 -1 10 -1 13 -1 18 -1 0 -1 11 -1 21 -1 10 -1 24 -1 21 -1 2 -1 2 -1 13 -1 19 -1 3 -1 17 -1 2 -1 13 -1 -2
17 -1 10 -1 2 -1 13 -1 10 -1 11 -1 21 -1 15 -1 11 -1 5 -1 24 -1 10 -1 19 -1 2 -1 15 -1 0 -1 6 -1 10 -1 13 -1 11 -1 2 -1 24 -1 10 -1 12 -1 5 -1 12 -1 21 -1 18 -1 13 -1 11 -1 19 -1 21 -1 15 -1 21 -1 10 -1 17 -1 6 -1 2 -1 8 -1 3 -1 21 -1 2 -1 15 -1 10 -1 13 -1 18 -1 0 -1 11 -1 21 -1 10 -1 24 -1 21 -1 2 -1 2 -1 13 -1 19 -1 3 -1 17 -1 2 -1 13 -1 -2
11 -1 10 -1 2 -1 13 -1 10 -1 11 -1 8 -1 15 -1 15 -1 5 -1 22 -1 10 -1 19 -1 2 -1 15 -1 10 -1 6 -1 10 -1 13 -1 11 -1 2 -1 24 -1 10 -1 12 -1 24 -1 12 -1 21 -1 18 -1 19 -1 11 -1 19 -1 21 -1 15 -1 21 -1 10 -1 17 -1 6 -1 2 -1 8 -1 3 -1 21 -1 2 -1 15 -1 10 -1 13 -1 18 -1 0 -1 11 -1 21 -1 10 -1 24 -1 21 -1 2 -1 2 -1 13 -1 19 -1 13 -1 10 -1 2 -1 13 -1 -2
11 -1 10 -1 2 -1 13 -1 10 -1 11 -1 8 -1 15 -1 8 -1 0 -1 24 -1 10 -1 19 -1 2 -1 15 -1 4 -1 6 -1 10 -1 13 -1 11 -1 2 -1 24 -1 10 -1 12 -1 12 -1 11 -1 0 -1 18 -1 10 -1 10 -1 12 -1 21 -1 15 -1 21 -1 10 -1 17 -1 6 -1 2 -1 8 -1 13 -1 21 -1 2 -1 15 -1 10 -1 13 -1 18 -1 0 -1 11 -1 21 -1 10 -1 24 -1 21 -1 2 -1 2 -1 18 -1 19 -1 3 -1 17 -1 2 -1 13 -1 -2
11 -1 10 -1 2 -1 13 -1 10 -1 11 -1 21 -1 15 -1 11 -1 5 -1 24 -1 10 -1 19 -1 2 -1 15 -1 0 -1 6 -1 10 -1 13 -1 11 -1 2 -1 24 -1 10 -1 12 -1 5 -1 12 -1 21 -1 18 -1 13 -1 10 -1 12 -1 21 -1 15 -1 21 -1 10 -1 17 -1 6 -1 2 -1 8 -1 3 -1 21 -1 2 -1 15 -1 10 -1 18 -1 18 -1 11 -1 11 -1 21 -1 10 -1 24 -1 21 -1 2 -1 2 -1 13 -1 19 -1 3 -1 17 -1 2 -1 13 -1 -2
11 -1 10 -1 2 -1 7 -1 10 -1 11 -1 21 -1 15 -1 15 -1 5 -1 22 -1 10 -1 19 -1 2 -1 15 -1 4 -1 6 -1 10 -1 13 -1 11 -1 2 -1 24 -1 10 -1 12 -1 24 -1 12 -1 21 -1 0 -1 19 -1 15 -1 12 -1 8 -1 15 -1 21 -1 10 -1 17 -1 6 -1 2 -1 8 -1 3 -1 21 -1 2 -1 15 -1 10 -1 13 -1 18 -1 0 -1 11 -1 21 -1 10 -1 24 -1 12 -1 2 -1 2 -1 13 -1 19 -1 13 -1 10 -1 2 -1 13 -1 -2
11 -1 10 -1 2 -1 7 -1 16 -1 11 -1 21 -1 15 -1 15 -1 5 -1 22 -1 10 -1 19 -1 2 -1 15 -1 4 -1 6 -1 10 -1 13 -1 11 -1 2 -1 24 -1 10 -1 12 -1 24 -1 12 -1 21 -1 18 -1 18 -1 18 -1 19 -1 21 -1 15 -1 21 -1 10 -1 17 -1 6 -1 2 -1 8 -1 3 -1 21 -1 2 -1 15 -1 10 -1 13 -1 18 -1 0 -1 11 -1 21 -1 10 -1 24 -1 21 -1 2 -1 2 -1 13 -1 19 -1 3 -1 10 -1 2 -1 13 -1 -2
11 -1 10 -1 2 -1 13 -1 10 -1 11 -1 8 -1 15 -1 11 -1 0 -1 24 -1 10 -1 19 -1 2 -1 15 -1 0 -1 6 -1 10 -1 13 -1 11 -1 2 -1 24 -1 10 -1 12 -1 5 -1 12 -1 21 -1 0 -1 0 -1 15 -1 10 -1 21 -1 15 -1 21 -1 10 -1 17 -1 6 -1 2 -1 8 -1 3 -1 0 -1 2 -1 15 -1 10 -1 13 -1 18 -1 11 -1 11 -1 21 -1 10 -1 24 -1 21 -1 2 -1 2 -1 13 -1 19 -1 3 -1 17 -1 2 -1 13 -1 -2
11 -1 10 -1 2 -1 10 -1 10 -1 11 -1 8 -1 15 -1 11 -1 5 -1 18 -1 10 -1 19 -1 2 -1 15 -1 4 -1 6 -1 10 -1 13 -1 11 -1 2 -1 24 -1 10 -1 12 -1 19 -1 12 -1 17 -1 11 -1 0 -1 15 -1 10 -1 21 -1 15 -1 21 -1 10 -1 17 -1 6 -1 2 -1 8 -1 3 -1 21 -1 2 -1 15 -1 10 -1 18 -1 18 -1 5 -1 11 -1 21 -1 10 -1 24 -1 4 -1 2 -1 2 -1 3 -1 19 -1 3 -1 10 -1 2 -1 13 -1 -2
11 -1 10 -1 2 -1 13 -1 16 -1 11 -1 8 -1 15 -1 15 -1 5 -1 24 -1 10 -1 19 -1 2 -1 0 -1 0 -1 6 -1 10 -1 13 -1 11 -1 2 -1 24 -1 10 -1 12 -1 5 -1 12 -1 21 -1 0 -1 0 -1 15 -1 10 -1 21 -1 15 -1 21 -1 10 -1 17 -1 6 -1 2 -1 8 -1 3 -1 21 -1 2 -1 15 -1 10 -1 18 -1 18 -1 11 -1 11 -1 21 -1 10 -1 24 -1 21 -1 2 -1 2 -1 13 -1 19 -1 3 -1 17 -1 2 -1 13 -1 -2
11 -1 10 -1 2 -1 7 -1 10 -1 11 -1 21 -1 15 -1 15 -1 5 -1 22 -1 10 -1 19 -1 2 -1 15 -1 4 -1 6 -1 10 -1 13 -1 11 -1 2 -1 24 -1 10 -1 12 -1 24 -1 12 -1 21 -1 0 -1 19 -1 15 -1 12 -1 11 -1 15 -1 21 -1 10 -1 17 -1 6 -1 2 -1 8 -1 3 -1 21 -1 2 -1 15 -1 10 -1 3 -1 18 -1 0 -1 11 -1 21 -1 10 -1 24 -1 12 -1 2 -1 2 -1 13 -1 19 -1 13 -1 10 -1 2 -1 13 -1 -2
11 -1 10 -1 2 -1 7 -1 10 -1 11 -1 21 -1 15 -1 15 -1 5 -1 22 -1 10 -1 19 -1 2 -1 15 -1 4 -1 6 -1 10 -1 13 -1 11 -1 2 -1 24 -1 10 -1 12 -1 24 -1 12 -1 21 -1 0 -1 19 -1 15 -1 12 -1 11 -1 15 -1 21 -1 10 -1 17 -1 6 -1 2 -1 8 -1 13 -1 21 -1 2 -1 15 -1 10 -1 3 -1 18 -1 0 -1 11 -1 21 -1 10 -1 24 -1 12 -1 2 -1 2 -1 13 -1 19 -1 13 -1 10 -1 2 -1 13 -1 -2
11 -1 10 -1 2 -1 7 -1 10 -1 11 -1 21 -1 15 -1 15 -1 5 -1 22 -1 10 -1 19 -1 2 -1 15 -1 4 -1 6 -1 10 -1 13 -1 11 -1 2 -1 24 -1 10 -1 12 -1 24 -1 12 -1 21 -1 18 -1 19 -1 11 -1 19 -1 21 -1 15 -1 21 -1 10 -1 17 -1 6 -1 2 -1 8 -1 3 -1 21 -1 2 -1 15 -1 10 -1 13 -1 18 -1 0 -1 11 -1 21 -1 10 -1 24 -1 21 -1 2 -1 2 -1 13 -1 19 -1 13 -1 10 -1 2 -1 13 -1 -2
11 -1 4 -1 2 -1 13 -1 10 -1 11 -1 21 -1 15 -1 8 -1 0 -1 7 -1 10 -1 19 -1 2 -1 15 -1 4 -1 6 -1 10 -1 13 -1 11 -1 2 -1 24 -1 10 -1 12 -1 5 -1 12 -1 21 -1 18 -1 19 -1 18 -1 19 -1 21 -1 15 -1 21 -1 10 -1 17 -1 6 -1 2 -1 8 -1 3 -1 21 -1 2 -1 15 -1 10 -1 3 -1 18 -1 0 -1 11 -1 21 -1 10 -1 24 -1 21 -1 2 -1 2 -1 13 -1 19 -1 3 -1 17 -1 2 -1 13 -1 -2
17 -1 10 -1 2 -1 11 -1 13 -1 19 -1 15 -1 11 -1 15 -1 11 -1 5 -1 24 -1 10 -1 19 -1 2 -1 15 -1 4 -1 6 -1 10 -1 3 -1 11 -1 2 -1 24 -1 10 -1 12 -1 13 -1 5 -1 10 -1 11 -1 11 -1 15 -1 10 -1 10 -1 11 -1 18 -1 8 -1 10 -1 17 -1 6 -1 2 -1 19 -1 3 -1 19 -1 2 -1 15 -1 10 -1 18 -1 18 -1 11 -1 11 -1 21 -1 10 -1 21 -1 21 -1 2 -1 2 -1 3 -1 19 -1 3 -1 10 -1 2 -1 -2
17 -1 10 -1 2 -1 5 -1 13 -1 18 -1 15 -1 6 -1 17 -1 11 -1 21 -1 18 -1 10 -1 15 -1 2 -1 15 -1 4 -1 6 -1 13 -1 13 -1 11 -1 2 -1 24 -1 10 -1 12 -1 18 -1 13 -1 17 -1 12 -1 24 -1 15 -1 15 -1 6 -1 5 -1 13 -1 21 -1 17 -1 17 -1 6 -1 2 -1 0 -1 4 -1 19 -1 2 -1 15 -1 17 -1 17 -1 13 -1 17 -1 11 -1 11 -1 4 -1 21 -1 21 -1 2 -1 2 -1 2 -1 3 -1 19 -1 3 -1 13 -1 -2
11 -1 8 -1 2 -1 7 -1 13 -1 17 -1 15 -1 11 -1 15 -1 5 -1 11 -1 7 -1 10 -1 19 -1 2 -1 15 -1 4 -1 6 -1 16 -1 13 -1 8 -1 2 -1 24 -1 10 -1 12 -1 19 -1 11 -1 10 -1 10 -1 19 -1 15 -1 12 -1 10 -1 11 -1 18 -1 21 -1 10 -1 17 -1 6 -1 2 -1 0 -1 0 -1 19 -1 2 -1 15 -1 18 -1 4 -1 17 -1 15 -1 11 -1 21 -1 16 -1 21 -1 4 -1 2 -1 2 -1 10 -1 19 -1 3 -1 10 -1 2 -1 -2
11 -1 10 -1 2 -1 7 -1 13 -1 19 -1 16 -1 11 -1 15 -1 5 -1 8 -1 24 -1 10 -1 19 -1 2 -1 15 -1 4 -1 6 -1 10 -1 13 -1 11 -1 2 -1 5 -1 10 -1 0 -1 19 -1 11 -1 10 -1 10 -1 5 -1 15 -1 11 -1 10 -1 8 -1 15 -1 8 -1 10 -1 17 -1 6 -1 2 -1 0 -1 3 -1 13 -1 2 -1 15 -1 10 -1 13 -1 18 -1 0 -1 11 -1 11 -1 10 -1 24 -1 21 -1 2 -1 2 -1 18 -1 19 -1 3 -1 10 -1 2 -1 -2
11 -1 10 -1 2 -1 7 -1 13 -1 19 -1 16 -1 11 -1 15 -1 5 -1 8 -1 24 -1 10 -1 19 -1 2 -1 15 -1 4 -1 6 -1 10 -1 13 -1 11 -1 2 -1 5 -1 10 -1 0 -1 19 -1 11 -1 10 -1 10 -1 5 -1 15 -1 11 -1 10 -1 5 -1 15 -1 21 -1 10 -1 17 -1 6 -1 2 -1 0 -1 3 -1 13 -1 2 -1 15 -1 10 -1 13 -1 18 -1 0 -1 11 -1 11 -1 10 -1 24 -1 21 -1 2 -1 2 -1 18 -1 19 -1 3 -1 10 -1 2 -1 -2
17 -1 8 -1 2 -1 24 -1 13 -1 7 -1 11 -1 6 -1 19 -1 10 -1 15 -1 15 -1 19 -1 19 -1 4 -1 19 -1 2 -1 16 -1 4 -1 3 -1 18 -1 2 -1 24 -1 10 -1 13 -1 8 -1 22 -1 19 -1 5 -1 3 -1 13 -1 8 -1 8 -1 17 -1 17 -1 6 -1 2 -1 6 -1 2 -1 5 -1 19 -1 15 -1 17 -1 6 -1 3 -1 12 -1 15 -1 6 -1 15 -1 24 -1 2 -1 2 -1 4 -1 18 -1 3 -1 10 -1 2 -1 13 -1 11 -1 -2
21 -1 8 -1 2 -1 24 -1 17 -1 6 -1 24 -1 13 -1 13 -1 15 -1 16 -1 19 -1 2 -1 15 -1 15 -1 6 -1 4 -1 13 -1 21 -1 2 -1 5 -1 19 -1 17 -1 19 -1 22 -1 2 -1 3 -1 0 -1 5 -1 2 -1 18 -1 18 -1 17 -1 6 -1 10 -1 21 -1 21 -1 4 -1 11 -1 6 -1 2 -1 0 -1 0 -1 19 -1 2 -1 15 -1 8 -1 21 -1 10 -1 18 -1 24 -1 13 -1 4 -1 21 -1 10 -1 2 -1 2 -1 18 -1 19 -1 3 -1 10 -1 -2
17 -1 8 -1 2 -1 24 -1 8 -1 0 -1 15 -1 24 -1 3 -1 7 -1 10 -1 19 -1 2 -1 0 -1 0 -1 6 -1 4 -1 13 -1 8 -1 2 -1 24 -1 11 -1 10 -1 0 -1 22 -1 2 -1 3 -1 0 -1 22 -1 2 -1 18 -1 18 -1 17 -1 6 -1 10 -1 10 -1 11 -1 4 -1 5 -1 6 -1 2 -1 0 -1 0 -1 19 -1 2 -1 15 -1 19 -1 21 -1 10 -1 15 -1 6 -1 21 -1 3 -1 8 -1 18 -1 2 -1 2 -1 3 -1 19 -1 3 -1 13 -1 -2
11 -1 18 -1 2 -1 24 -1 11 -1 6 -1 24 -1 10 -1 7 -1 18 -1 16 -1 19 -1 2 -1 15 -1 15 -1 6 -1 4 -1 13 -1 21 -1 2 -1 5 -1 21 -1 10 -1 19 -1 22 -1 2 -1 3 -1 6 -1 5 -1 2 -1 13 -1 19 -1 17 -1 6 -1 4 -1 17 -1 8 -1 8 -1 12 -1 6 -1 2 -1 0 -1 0 -1 19 -1 2 -1 15 -1 19 -1 0 -1 10 -1 18 -1 6 -1 21 -1 7 -1 8 -1 0 -1 2 -1 2 -1 18 -1 19 -1 3 -1 13 -1 -2
8 -1 21 -1 2 -1 7 -1 19 -1 19 -1 0 -1 19 -1 18 -1 15 -1 8 -1 18 -1 0 -1 21 -1 19 -1 2 -1 15 -1 15 -1 6 -1 4 -1 13 -1 11 -1 2 -1 24 -1 17 -1 10 -1 12 -1 22 -1 2 -1 3 -1 0 -1 5 -1 2 -1 18 -1 18 -1 17 -1 6 -1 10 -1 21 -1 21 -1 4 -1 11 -1 6 -1 2 -1 0 -1 0 -1 19 -1 2 -1 15 -1 18 -1 10 -1 10 -1 15 -1 24 -1 4 -1 4 -1 21 -1 19 -1 2 -1 2 -1 18 -1 -2
17 -1 19 -1 2 -1 24 -1 10 -1 19 -1 24 -1 18 -1 3 -1 10 -1 18 -1 10 -1 19 -1 2 -1 15 -1 17 -1 6 -1 4 -1 3 -1 8 -1 2 -1 24 -1 19 -1 10 -1 19 -1 22 -1 2 -1 3 -1 6 -1 5 -1 2 -1 18 -1 16 -1 17 -1 6 -1 10 -1 17 -1 21 -1 4 -1 11 -1 6 -1 2 -1 0 -1 0 -1 19 -1 2 -1 15 -1 10 -1 21 -1 10 -1 19 -1 6 -1 21 -1 4 -1 8 -1 10 -1 2 -1 2 -1 18 -1 19 -1 3 -1 -2
17 -1 19 -1 2 -1 13 -1 10 -1 19 -1 5 -1 18 -1 3 -1 16 -1 18 -1 10 -1 8 -1 2 -1 15 -1 15 -1 6 -1 4 -1 13 -1 8 -1 2 -1 24 -1 19 -1 10 -1 19 -1 22 -1 2 -1 3 -1 0 -1 22 -1 2 -1 18 -1 16 -1 17 -1 6 -1 10 -1 17 -1 21 -1 4 -1 11 -1 6 -1 2 -1 0 -1 0 -1 19 -1 2 -1 15 -1 10 -1 21 -1 10 -1 0 -1 6 -1 21 -1 4 -1 8 -1 10 -1 2 -1 2 -1 18 -1 19 -1 3 -1 -2
17 -1 19 -1 2 -1 24 -1 10 -1 19 -1 15 -1 18 -1 21 -1 10 -1 15 -1 4 -1 19 -1 2 -1 15 -1 7 -1 6 -1 4 -1 13 -1 8 -1 2 -1 24 -1 19 -1 4 -1 19 -1 22 -1 2 -1 3 -1 0 -1 22 -1 2 -1 18 -1 16 -1 17 -1 6 -1 10 -1 17 -1 4 -1 4 -1 11 -1 6 -1 2 -1 0 -1 0 -1 19 -1 2 -1 15 -1 10 -1 21 -1 10 -1 0 -1 6 -1 21 -1 6 -1 8 -1 10 -1 2 -1 2 -1 18 -1 19 -1 3 -1 -2
17 -1 4 -1 2 -1 24 -1 11 -1 13 -1 15 -1 7 -1 3 -1 19 -1 16 -1 19 -1 2 -1 15 -1 18 -1 6 -1 16 -1 4 -1 8 -1 2 -1 24 -1 21 -1 10 -1 18 -1 22 -1 2 -1 13 -1 0 -1 22 -1 2 -1 18 -1 18 -1 17 -1 6 -1 10 -1 21 -1 11 -1 4 -1 5 -1 6 -1 2 -1 0 -1 0 -1 19 -1 2 -1 15 -1 18 -1 21 -1 13 -1 19 -1 6 -1 19 -1 4 -1 8 -1 10 -1 2 -1 2 -1 18 -1 0 -1 3 -1 10 -1 -2
8 -1 17 -1 2 -1 5 -1 8 -1 19 -1 15 -1 3 -1 21 -1 19 -1 18 -1 16 -1 0 -1 2 -1 15 -1 3 -1 6 -1 16 -1 13 -1 8 -1 2 -1 24 -1 19 -1 10 -1 19 -1 22 -1 2 -1 3 -1 13 -1 5 -1 2 -1 6 -1 12 -1 17 -1 6 -1 10 -1 17 -1 21 -1 3 -1 11 -1 6 -1 2 -1 0 -1 0 -1 19 -1 2 -1 15 -1 19 -1 21 -1 10 -1 15 -1 6 -1 21 -1 3 -1 8 -1 10 -1 2 -1 2 -1 18 -1 19 -1 3 -1 -2
8 -1 17 -1 2 -1 5 -1 8 -1 19 -1 15 -1 3 -1 21 -1 19 -1 18 -1 16 -1 0 -1 2 -1 15 -1 3 -1 6 -1 7 -1 21 -1 2 -1 24 -1 19 -1 10 -1 12 -1 22 -1 2 -1 3 -1 13 -1 5 -1 2 -1 6 -1 12 -1 17 -1 6 -1 10 -1 17 -1 21 -1 3 -1 11 -1 6 -1 2 -1 0 -1 0 -1 19 -1 2 -1 15 -1 19 -1 21 -1 10 -1 15 -1 6 -1 21 -1 3 -1 8 -1 10 -1 2 -1 2 -1 18 -1 19 -1 3 -1 13 -1 -2
8 -1 17 -1 2 -1 5 -1 8 -1 19 -1 15 -1 3 -1 8 -1 19 -1 18 -1 10 -1 3 -1 2 -1 15 -1 13 -1 6 -1 7 -1 21 -1 2 -1 24 -1 19 -1 10 -1 19 -1 22 -1 2 -1 3 -1 0 -1 5 -1 2 -1 18 -1 8 -1 17 -1 6 -1 10 -1 17 -1 21 -1 3 -1 11 -1 6 -1 2 -1 0 -1 0 -1 19 -1 2 -1 15 -1 19 -1 21 -1 10 -1 19 -1 6 -1 21 -1 3 -1 8 -1 16 -1 2 -1 2 -1 18 -1 19 -1 3 -1 13 -1 -2
10 -1 17 -1 2 -1 24 -1 17 -1 19 -1 15 -1 3 -1 11 -1 10 -1 18 -1 16 -1 19 -1 2 -1 15 -1 15 -1 6 -1 4 -1 3 -1 11 -1 2 -1 24 -1 19 -1 10 -1 10 -1 22 -1 2 -1 0 -1 3 -1 22 -1 2 -1 19 -1 18 -1 17 -1 6 -1 10 -1 21 -1 8 -1 4 -1 11 -1 6 -1 2 -1 21 -1 0 -1 19 -1 2 -1 15 -1 10 -1 21 -1 10 -1 15 -1 24 -1 4 -1 16 -1 8 -1 19 -1 2 -1 2 -1 18 -1 19 -1 3 -1 -2
8 -1 17 -1 2 -1 5 -1 8 -1 19 -1 15 -1 3 -1 8 -1 19 -1 18 -1 10 -1 3 -1 2 -1 15 -1 13 -1 6 -1 7 -1 21 -1 2 -1 24 -1 19 -1 10 -1 19 -1 22 -1 2 -1 3 -1 6 -1 5 -1 2 -1 18 -1 8 -1 17 -1 6 -1 10 -1 17 -1 21 -1 3 -1 11 -1 6 -1 2 -1 0 -1 0 -1 19 -1 2 -1 15 -1 19 -1 21 -1 17 -1 19 -1 6 -1 21 -1 3 -1 8 -1 16 -1 2 -1 2 -1 18 -1 19 -1 3 -1 3 -1 -2
8 -1 17 -1 2 -1 5 -1 8 -1 19 -1 15 -1 3 -1 21 -1 19 -1 18 -1 16 -1 0 -1 2 -1 15 -1 3 -1 6 -1 7 -1 21 -1 2 -1 24 -1 19 -1 10 -1 12 -1 22 -1 2 -1 3 -1 13 -1 5 -1 2 -1 6 -1 12 -1 17 -1 6 -1 10 -1 17 -1 21 -1 3 -1 11 -1 6 -1 2 -1 0 -1 0 -1 19 -1 2 -1 15 -1 10 -1 21 -1 10 -1 15 -1 6 -1 21 -1 13 -1 8 -1 10 -1 2 -1 2 -1 18 -1 17 -1 3 -1 13 -1 -2
8 -1 19 -1 2 -1 24 -1 10 -1 19 -1 15 -1 8 -1 15 -1 8 -1 19 -1 18 -1 4 -1 19 -1 2 -1 0 -1 15 -1 6 -1 16 -1 13 -1 11 -1 2 -1 24 -1 19 -1 10 -1 19 -1 22 -1 2 -1 3 -1 0 -1 22 -1 2 -1 6 -1 18 -1 17 -1 6 -1 10 -1 21 -1 8 -1 4 -1 11 -1 6 -1 2 -1 0 -1 0 -1 19 -1 2 -1 15 -1 19 -1 21 -1 4 -1 18 -1 24 -1 16 -1 3 -1 8 -1 10 -1 2 -1 2 -1 18 -1 19 -1 -2
11 -1 8 -1 2 -1 24 -1 12 -1 6 -1 15 -1 10 -1 19 -1 15 -1 17 -1 19 -1 2 -1 15 -1 17 -1 6 -1 16 -1 13 -1 11 -1 2 -1 24 -1 19 -1 10 -1 19 -1 22 -1 2 -1 3 -1 0 -1 5 -1 2 -1 18 -1 18 -1 17 -1 6 -1 10 -1 21 -1 21 -1 4 -1 11 -1 6 -1 2 -1 0 -1 0 -1 19 -1 2 -1 15 -1 8 -1 0 -1 10 -1 18 -1 24 -1 4 -1 3 -1 21 -1 19 -1 2 -1 2 -1 18 -1 19 -1 3 -1 13 -1 -2
19 -1 10 -1 2 -1 24 -1 21 -1 19 -1 15 -1 3 -1 21 -1 10 -1 18 -1 4 -1 19 -1 2 -1 15 -1 0 -1 6 -1 16 -1 3 -1 8 -1 2 -1 24 -1 19 -1 4 -1 19 -1 22 -1 2 -1 3 -1 0 -1 22 -1 2 -1 19 -1 18 -1 17 -1 6 -1 10 -1 17 -1 21 -1 3 -1 11 -1 6 -1 2 -1 0 -1 0 -1 19 -1 2 -1 15 -1 8 -1 21 -1 10 -1 15 -1 6 -1 21 -1 4 -1 8 -1 10 -1 2 -1 2 -1 18 -1 19 -1 3 -1 -2
11 -1 18 -1 2 -1 24 -1 11 -1 6 -1 24 -1 10 -1 7 -1 18 -1 16 -1 19 -1 2 -1 15 -1 15 -1 6 -1 4 -1 13 -1 21 -1 2 -1 5 -1 21 -1 10 -1 19 -1 22 -1 2 -1 3 -1 0 -1 5 -1 2 -1 18 -1 19 -1 17 -1 6 -1 4 -1 17 -1 8 -1 21 -1 12 -1 6 -1 2 -1 0 -1 0 -1 19 -1 2 -1 15 -1 19 -1 0 -1 10 -1 18 -1 6 -1 21 -1 7 -1 8 -1 0 -1 2 -1 2 -1 18 -1 19 -1 3 -1 13 -1 -2
17 -1 19 -1 2 -1 11 -1 8 -1 18 -1 15 -1 18 -1 18 -1 19 -1 18 -1 16 -1 19 -1 2 -1 15 -1 10 -1 6 -1 16 -1 3 -1 8 -1 2 -1 5 -1 19 -1 10 -1 0 -1 5 -1 2 -1 3 -1 17 -1 22 -1 2 -1 18 -1 18 -1 17 -1 6 -1 15 -1 21 -1 8 -1 4 -1 16 -1 6 -1 2 -1 0 -1 0 -1 19 -1 2 -1 15 -1 4 -1 5 -1 19 -1 18 -1 17 -1 24 -1 10 -1 18 -1 11 -1 11 -1 2 -1 2 -1 19 -1 19 -1 -2
17 -1 19 -1 2 -1 11 -1 8 -1 18 -1 15 -1 18 -1 18 -1 19 -1 15 -1 16 -1 19 -1 2 -1 15 -1 13 -1 6 -1 16 -1 3 -1 8 -1 2 -1 5 -1 11 -1 10 -1 0 -1 16 -1 2 -1 3 -1 10 -1 5 -1 2 -1 18 -1 8 -1 17 -1 6 -1 15 -1 21 -1 8 -1 4 -1 16 -1 6 -1 2 -1 21 -1 0 -1 19 -1 2 -1 15 -1 16 -1 5 -1 17 -1 18 -1 13 -1 24 -1 17 -1 18 -1 11 -1 11 -1 2 -1 2 -1 19 -1 19 -1 -2
17 -1 19 -1 2 -1 13 -1 10 -1 19 -1 15 -1 18 -1 3 -1 16 -1 18 -1 10 -1 8 -1 2 -1 15 -1 15 -1 6 -1 4 -1 13 -1 8 -1 2 -1 24 -1 19 -1 10 -1 19 -1 22 -1 2 -1 3 -1 0 -1 22 -1 2 -1 18 -1 16 -1 17 -1 6 -1 10 -1 8 -1 21 -1 4 -1 11 -1 6 -1 2 -1 0 -1 0 -1 19 -1 2 -1 15 -1 10 -1 21 -1 10 -1 0 -1 6 -1 21 -1 4 -1 8 -1 10 -1 2 -1 2 -1 18 -1 19 -1 3 -1 -2
17 -1 19 -1 2 -1 24 -1 10 -1 19 -1 15 -1 18 -1 21 -1 10 -1 15 -1 4 -1 19 -1 2 -1 15 -1 7 -1 6 -1 4 -1 13 -1 8 -1 2 -1 24 -1 19 -1 4 -1 19 -1 22 -1 2 -1 3 -1 0 -1 22 -1 2 -1 18 -1 16 -1 17 -1 6 -1 10 -1 17 -1 21 -1 4 -1 11 -1 6 -1 2 -1 0 -1 0 -1 19 -1 2 -1 15 -1 10 -1 21 -1 10 -1 0 -1 6 -1 21 -1 6 -1 8 -1 10 -1 2 -1 2 -1 18 -1 19 -1 3 -1 -2
8 -1 17 -1 2 -1 5 -1 8 -1 19 -1 15 -1 3 -1 21 -1 19 -1 18 -1 16 -1 8 -1 2 -1 0 -1 3 -1 6 -1 7 -1 21 -1 2 -1 24 -1 19 -1 10 -1 19 -1 22 -1 2 -1 3 -1 13 -1 5 -1 2 -1 0 -1 18 -1 17 -1 6 -1 10 -1 17 -1 21 -1 3 -1 11 -1 6 -1 2 -1 0 -1 0 -1 19 -1 2 -1 15 -1 19 -1 21 -1 10 -1 15 -1 6 -1 21 -1 13 -1 8 -1 10 -1 2 -1 2 -1 18 -1 19 -1 3 -1 13 -1 -2
8 -1 17 -1 2 -1 5 -1 8 -1 19 -1 15 -1 3 -1 8 -1 19 -1 18 -1 10 -1 3 -1 2 -1 15 -1 13 -1 6 -1 7 -1 21 -1 2 -1 24 -1 19 -1 10 -1 19 -1 22 -1 2 -1 3 -1 6 -1 5 -1 2 -1 18 -1 18 -1 17 -1 6 -1 10 -1 17 -1 21 -1 3 -1 11 -1 6 -1 2 -1 0 -1 0 -1 19 -1 2 -1 15 -1 19 -1 21 -1 17 -1 19 -1 6 -1 21 -1 3 -1 8 -1 16 -1 2 -1 2 -1 18 -1 19 -1 3 -1 3 -1 -2
19 -1 10 -1 2 -1 24 -1 21 -1 19 -1 15 -1 3 -1 0 -1 19 -1 18 -1 16 -1 19 -1 2 -1 15 -1 3 -1 6 -1 16 -1 3 -1 8 -1 2 -1 24 -1 19 -1 10 -1 19 -1 22 -1 2 -1 3 -1 6 -1 5 -1 2 -1 18 -1 18 -1 17 -1 6 -1 10 -1 17 -1 8 -1 3 -1 11 -1 6 -1 2 -1 0 -1 0 -1 19 -1 2 -1 15 -1 10 -1 21 -1 10 -1 15 -1 6 -1 21 -1 3 -1 8 -1 10 -1 2 -1 2 -1 18 -1 19 -1 3 -1 -2
12 -1 10 -1 19 -1 11 -1 11 -1 11 -1 19 -1 11 -1 21 -1 21 -1 21 -1 19 -1 8 -1 21 -1 2 -1 11 -1 3 -1 11 -1 6 -1 24 -1 19 -1 10 -1 19 -1 2 -1 11 -1 10 -1 19 -1 15 -1 18 -1 18 -1 19 -1 15 -1 16 -1 19 -1 2 -1 15 -1 16 -1 6 -1 16 -1 3 -1 8 -1 2 -1 5 -1 11 -1 10 -1 21 -1 18 -1 2 -1 4 -1 16 -1 5 -1 2 -1 15 -1 8 -1 17 -1 6 -1 15 -1 21 -1 8 -1 4 -1 16 -1 -2
17 -1 19 -1 2 -1 13 -1 10 -1 19 -1 5 -1 18 -1 3 -1 16 -1 18 -1 10 -1 8 -1 2 -1 15 -1 15 -1 6 -1 4 -1 13 -1 8 -1 2 -1 24 -1 19 -1 10 -1 19 -1 22 -1 2 -1 3 -1 0 -1 22 -1 2 -1 18 -1 17 -1 17 -1 6 -1 10 -1 8 -1 21 -1 4 -1 11 -1 6 -1 2 -1 0 -1 0 -1 19 -1 2 -1 15 -1 10 -1 21 -1 10 -1 0 -1 6 -1 21 -1 6 -1 8 -1 10 -1 2 -1 2 -1 18 -1 19 -1 3 -1 -2
8 -1 17 -1 2 -1 5 -1 8 -1 19 -1 15 -1 3 -1 8 -1 19 -1 18 -1 10 -1 3 -1 2 -1 15 -1 13 -1 6 -1 7 -1 21 -1 2 -1 24 -1 19 -1 10 -1 19 -1 22 -1 2 -1 3 -1 0 -1 5 -1 2 -1 18 -1 8 -1 17 -1 6 -1 10 -1 17 -1 21 -1 3 -1 11 -1 6 -1 2 -1 0 -1 0 -1 19 -1 2 -1 15 -1 19 -1 21 -1 10 -1 19 -1 6 -1 21 -1 3 -1 8 -1 16 -1 2 -1 2 -1 18 -1 19 -1 3 -1 3 -1 -2
19 -1 10 -1 2 -1 24 -1 21 -1 19 -1 15 -1 3 -1 21 -1 10 -1 18 -1 4 -1 19 -1 2 -1 15 -1 0 -1 6 -1 16 -1 3 -1 11 -1 2 -1 24 -1 19 -1 4 -1 19 -1 22 -1 2 -1 21 -1 0 -1 22 -1 2 -1 19 -1 21 -1 17 -1 6 -1 10 -1 17 -1 21 -1 18 -1 11 -1 19 -1 2 -1 0 -1 0 -1 8 -1 2 -1 15 -1 8 -1 21 -1 15 -1 15 -1 10 -1 21 -1 18 -1 8 -1 10 -1 2 -1 2 -1 18 -1 19 -1 3 -1 -2
12 -1 10 -1 19 -1 11 -1 11 -1 11 -1 18 -1 11 -1 21 -1 21 -1 21 -1 19 -1 8 -1 21 -1 2 -1 11 -1 3 -1 11 -1 6 -1 24 -1 19 -1 17 -1 19 -1 2 -1 11 -1 8 -1 18 -1 15 -1 18 -1 18 -1 19 -1 15 -1 16 -1 19 -1 2 -1 15 -1 13 -1 6 -1 16 -1 3 -1 8 -1 2 -1 5 -1 17 -1 10 -1 0 -1 16 -1 2 -1 3 -1 13 -1 5 -1 2 -1 7 -1 18 -1 17 -1 6 -1 15 -1 21 -1 8 -1 4 -1 16 -1 -2
8 -1 17 -1 2 -1 5 -1 8 -1 19 -1 15 -1 3 -1 8 -1 19 -1 18 -1 10 -1 3 -1 2 -1 15 -1 13 -1 6 -1 7 -1 21 -1 2 -1 24 -1 19 -1 10 -1 19 -1 22 -1 2 -1 3 -1 6 -1 5 -1 2 -1 17 -1 8 -1 17 -1 6 -1 4 -1 17 -1 21 -1 3 -1 11 -1 6 -1 2 -1 0 -1 0 -1 19 -1 2 -1 15 -1 19 -1 21 -1 10 -1 19 -1 6 -1 21 -1 3 -1 8 -1 16 -1 2 -1 2 -1 18 -1 19 -1 3 -1 3 -1 -2
19 -1 10 -1 2 -1 24 -1 10 -1 19 -1 6 -1 3 -1 17 -1 8 -1 8 -1 18 -1 4 -1 0 -1 2 -1 15 -1 15 -1 6 -1 16 -1 3 -1 11 -1 2 -1 24 -1 12 -1 10 -1 19 -1 22 -1 2 -1 3 -1 21 -1 5 -1 2 -1 6 -1 19 -1 17 -1 6 -1 17 -1 21 -1 8 -1 4 -1 11 -1 6 -1 2 -1 19 -1 0 -1 19 -1 2 -1 15 -1 19 -1 21 -1 10 -1 15 -1 7 -1 4 -1 16 -1 8 -1 19 -1 2 -1 2 -1 18 -1 19 -1 -2
8 -1 17 -1 2 -1 5 -1 8 -1 19 -1 15 -1 3 -1 8 -1 19 -1 18 -1 10 -1 3 -1 2 -1 15 -1 13 -1 6 -1 7 -1 21 -1 2 -1 24 -1 19 -1 10 -1 19 -1 22 -1 2 -1 3 -1 6 -1 5 -1 2 -1 18 -1 17 -1 17 -1 6 -1 4 -1 17 -1 21 -1 3 -1 11 -1 6 -1 2 -1 0 -1 0 -1 19 -1 2 -1 15 -1 19 -1 21 -1 10 -1 19 -1 6 -1 21 -1 3 -1 8 -1 16 -1 2 -1 2 -1 18 -1 19 -1 3 -1 3 -1 -2
17 -1 19 -1 2 -1 5 -1 8 -1 19 -1 15 -1 3 -1 21 -1 10 -1 18 -1 10 -1 15 -1 2 -1 15 -1 15 -1 6 -1 16 -1 4 -1 21 -1 2 -1 24 -1 19 -1 4 -1 19 -1 22 -1 2 -1 3 -1 6 -1 5 -1 2 -1 6 -1 8 -1 17 -1 6 -1 10 -1 17 -1 21 -1 4 -1 11 -1 6 -1 2 -1 0 -1 0 -1 19 -1 2 -1 15 -1 19 -1 15 -1 10 -1 10 -1 19 -1 6 -1 8 -1 3 -1 8 -1 16 -1 2 -1 2 -1 18 -1 19 -1 -2
21 -1 8 -1 2 -1 24 -1 17 -1 10 -1 24 -1 19 -1 13 -1 13 -1 21 -1 10 -1 19 -1 2 -1 15 -1 3 -1 6 -1 4 -1 13 -1 21 -1 2 -1 24 -1 19 -1 10 -1 12 -1 22 -1 2 -1 3 -1 6 -1 5 -1 2 -1 19 -1 18 -1 17 -1 6 -1 10 -1 21 -1 21 -1 4 -1 11 -1 6 -1 2 -1 0 -1 0 -1 19 -1 2 -1 15 -1 8 -1 17 -1 10 -1 15 -1 6 -1 13 -1 4 -1 21 -1 10 -1 2 -1 2 -1 18 -1 19 -1 13 -1 -2
12 -1 10 -1 19 -1 11 -1 11 -1 11 -1 19 -1 11 -1 21 -1 21 -1 21 -1 19 -1 8 -1 21 -1 2 -1 11 -1 3 -1 11 -1 6 -1 24 -1 19 -1 12 -1 10 -1 2 -1 10 -1 8 -1 2 -1 7 -1 5 -1 3 -1 19 -1 2 -1 17 -1 0 -1 6 -1 4 -1 11 -1 10 -1 21 -1 2 -1 0 -1 18 -1 6 -1 4 -1 10 -1 24 -1 2 -1 5 -1 10 -1 4 -1 18 -1 22 -1 17 -1 4 -1 0 -1 17 -1 6 -1 19 -1 17 -1 8 -1 4 -1 -2
11 -1 19 -1 2 -1 24 -1 10 -1 6 -1 17 -1 3 -1 17 -1 18 -1 18 -1 4 -1 19 -1 2 -1 17 -1 18 -1 4 -1 16 -1 4 -1 11 -1 2 -1 2 -1 19 -1 10 -1 19 -1 22 -1 2 -1 3 -1 16 -1 22 -1 2 -1 16 -1 3 -1 17 -1 6 -1 15 -1 17 -1 11 -1 4 -1 12 -1 6 -1 2 -1 19 -1 0 -1 19 -1 2 -1 15 -1 17 -1 17 -1 12 -1 15 -1 6 -1 11 -1 3 -1 5 -1 19 -1 2 -1 2 -1 19 -1 19 -1 3 -1 -2
12 -1 16 -1 2 -1 2 -1 13 -1 16 -1 16 -1 18 -1 18 -1 16 -1 15 -1 10 -1 19 -1 19 -1 19 -1 19 -1 2 -1 15 -1 6 -1 6 -1 21 -1 18 -1 18 -1 2 -1 24 -1 10 -1 10 -1 19 -1 22 -1 17 -1 3 -1 7 -1 17 -1 6 -1 19 -1 8 -1 8 -1 4 -1 17 -1 6 -1 2 -1 6 -1 2 -1 15 -1 17 -1 21 -1 10 -1 15 -1 6 -1 8 -1 17 -1 11 -1 8 -1 2 -1 2 -1 10 -1 19 -1 3 -1 4 -1 2 -1 13 -1 -2
11 -1 19 -1 2 -1 2 -1 13 -1 16 -1 16 -1 18 -1 18 -1 16 -1 15 -1 10 -1 19 -1 19 -1 19 -1 3 -1 2 -1 0 -1 3 -1 13 -1 18 -1 2 -1 24 -1 10 -1 10 -1 19 -1 22 -1 16 -1 3 -1 7 -1 17 -1 6 -1 19 -1 17 -1 8 -1 4 -1 17 -1 6 -1 2 -1 6 -1 2 -1 15 -1 16 -1 21 -1 10 -1 15 -1 6 -1 8 -1 10 -1 11 -1 4 -1 2 -1 2 -1 10 -1 19 -1 13 -1 4 -1 2 -1 13 -1 13 -1 -2
12 -1 19 -1 2 -1 2 -1 13 -1 16 -1 16 -1 18 -1 18 -1 16 -1 15 -1 10 -1 19 -1 19 -1 19 -1 13 -1 2 -1 0 -1 6 -1 13 -1 18 -1 2 -1 24 -1 10 -1 10 -1 19 -1 22 -1 18 -1 3 -1 7 -1 17 -1 6 -1 19 -1 8 -1 8 -1 4 -1 17 -1 6 -1 2 -1 6 -1 2 -1 15 -1 16 -1 21 -1 10 -1 18 -1 6 -1 8 -1 10 -1 11 -1 4 -1 2 -1 2 -1 7 -1 19 -1 13 -1 4 -1 2 -1 13 -1 13 -1 -2
10 -1 8 -1 2 -1 24 -1 13 -1 16 -1 15 -1 18 -1 18 -1 16 -1 7 -1 15 -1 19 -1 19 -1 10 -1 0 -1 2 -1 15 -1 6 -1 4 -1 10 -1 13 -1 2 -1 24 -1 17 -1 10 -1 16 -1 22 -1 18 -1 3 -1 7 -1 17 -1 6 -1 19 -1 8 -1 8 -1 4 -1 17 -1 6 -1 2 -1 6 -1 2 -1 15 -1 19 -1 21 -1 10 -1 15 -1 6 -1 21 -1 10 -1 11 -1 7 -1 2 -1 2 -1 19 -1 19 -1 4 -1 10 -1 2 -1 13 -1 13 -1 -2
12 -1 4 -1 2 -1 7 -1 13 -1 16 -1 16 -1 18 -1 18 -1 16 -1 15 -1 15 -1 19 -1 19 -1 19 -1 7 -1 2 -1 18 -1 6 -1 6 -1 4 -1 19 -1 13 -1 2 -1 24 -1 4 -1 10 -1 17 -1 22 -1 7 -1 3 -1 7 -1 17 -1 6 -1 19 -1 8 -1 8 -1 4 -1 17 -1 6 -1 2 -1 6 -1 2 -1 15 -1 19 -1 21 -1 10 -1 15 -1 6 -1 21 -1 10 -1 11 -1 13 -1 2 -1 2 -1 19 -1 19 -1 3 -1 10 -1 2 -1 13 -1 -2
17 -1 8 -1 2 -1 11 -1 13 -1 16 -1 16 -1 16 -1 18 -1 19 -1 15 -1 4 -1 3 -1 16 -1 15 -1 19 -1 13 -1 6 -1 16 -1 2 -1 24 -1 8 -1 10 -1 19 -1 3 -1 2 -1 16 -1 13 -1 10 -1 19 -1 22 -1 13 -1 19 -1 7 -1 17 -1 6 -1 18 -1 17 -1 19 -1 3 -1 17 -1 6 -1 2 -1 6 -1 2 -1 15 -1 10 -1 21 -1 10 -1 15 -1 6 -1 8 -1 13 -1 11 -1 17 -1 2 -1 2 -1 10 -1 19 -1 3 -1 10 -1 -2
17 -1 8 -1 2 -1 24 -1 13 -1 7 -1 16 -1 18 -1 19 -1 19 -1 15 -1 0 -1 19 -1 19 -1 10 -1 18 -1 2 -1 6 -1 4 -1 13 -1 18 -1 2 -1 24 -1 10 -1 10 -1 19 -1 22 -1 18 -1 3 -1 7 -1 17 -1 6 -1 19 -1 8 -1 8 -1 4 -1 17 -1 6 -1 2 -1 6 -1 2 -1 15 -1 10 -1 21 -1 10 -1 16 -1 6 -1 8 -1 7 -1 11 -1 7 -1 2 -1 2 -1 16 -1 18 -1 3 -1 10 -1 2 -1 13 -1 13 -1 -2
17 -1 8 -1 2 -1 24 -1 13 -1 7 -1 16 -1 18 -1 19 -1 19 -1 17 -1 0 -1 19 -1 19 -1 10 -1 18 -1 2 -1 4 -1 4 -1 13 -1 18 -1 2 -1 24 -1 10 -1 10 -1 24 -1 22 -1 17 -1 3 -1 7 -1 17 -1 6 -1 19 -1 8 -1 8 -1 4 -1 17 -1 6 -1 2 -1 6 -1 2 -1 15 -1 10 -1 21 -1 10 -1 15 -1 6 -1 21 -1 6 -1 8 -1 7 -1 2 -1 2 -1 16 -1 18 -1 3 -1 10 -1 2 -1 13 -1 24 -1 -2
17 -1 8 -1 2 -1 24 -1 13 -1 7 -1 16 -1 18 -1 19 -1 19 -1 15 -1 0 -1 19 -1 19 -1 10 -1 18 -1 2 -1 6 -1 4 -1 13 -1 18 -1 2 -1 24 -1 10 -1 10 -1 19 -1 22 -1 18 -1 3 -1 7 -1 17 -1 6 -1 19 -1 8 -1 8 -1 4 -1 17 -1 6 -1 2 -1 6 -1 2 -1 15 -1 10 -1 21 -1 10 -1 17 -1 6 -1 21 -1 7 -1 11 -1 7 -1 2 -1 2 -1 16 -1 18 -1 3 -1 10 -1 2 -1 13 -1 13 -1 -2
12 -1 19 -1 2 -1 2 -1 13 -1 16 -1 16 -1 18 -1 18 -1 16 -1 15 -1 10 -1 19 -1 19 -1 19 -1 13 -1 2 -1 0 -1 4 -1 18 -1 18 -1 2 -1 24 -1 10 -1 10 -1 19 -1 22 -1 18 -1 3 -1 7 -1 17 -1 6 -1 19 -1 17 -1 8 -1 4 -1 17 -1 6 -1 2 -1 6 -1 2 -1 15 -1 16 -1 21 -1 10 -1 15 -1 6 -1 8 -1 10 -1 11 -1 4 -1 2 -1 2 -1 7 -1 19 -1 13 -1 4 -1 2 -1 13 -1 13 -1 -2
11 -1 4 -1 2 -1 7 -1 13 -1 16 -1 16 -1 18 -1 18 -1 16 -1 15 -1 15 -1 19 -1 19 -1 10 -1 18 -1 2 -1 15 -1 6 -1 3 -1 19 -1 13 -1 2 -1 24 -1 13 -1 10 -1 17 -1 22 -1 17 -1 3 -1 7 -1 17 -1 6 -1 19 -1 8 -1 8 -1 4 -1 17 -1 6 -1 2 -1 6 -1 2 -1 15 -1 19 -1 21 -1 10 -1 15 -1 6 -1 8 -1 13 -1 11 -1 10 -1 2 -1 2 -1 19 -1 19 -1 3 -1 17 -1 2 -1 13 -1 13 -1 -2
12 -1 19 -1 2 -1 2 -1 13 -1 16 -1 16 -1 18 -1 18 -1 16 -1 15 -1 10 -1 19 -1 19 -1 19 -1 13 -1 2 -1 0 -1 4 -1 18 -1 18 -1 2 -1 24 -1 10 -1 10 -1 19 -1 22 -1 18 -1 3 -1 7 -1 17 -1 6 -1 19 -1 17 -1 8 -1 4 -1 17 -1 6 -1 2 -1 6 -1 2 -1 15 -1 16 -1 21 -1 10 -1 10 -1 6 -1 8 -1 10 -1 11 -1 4 -1 2 -1 2 -1 7 -1 19 -1 13 -1 4 -1 2 -1 13 -1 13 -1 -2
12 -1 19 -1 2 -1 2 -1 13 -1 16 -1 16 -1 18 -1 18 -1 16 -1 15 -1 10 -1 19 -1 19 -1 19 -1 13 -1 2 -1 0 -1 4 -1 18 -1 18 -1 2 -1 24 -1 10 -1 10 -1 19 -1 22 -1 17 -1 3 -1 5 -1 17 -1 6 -1 19 -1 17 -1 8 -1 4 -1 17 -1 6 -1 2 -1 6 -1 2 -1 15 -1 16 -1 21 -1 10 -1 15 -1 6 -1 8 -1 10 -1 11 -1 4 -1 2 -1 2 -1 7 -1 19 -1 13 -1 4 -1 2 -1 13 -1 13 -1 -2
12 -1 10 -1 19 -1 11 -1 11 -1 11 -1 19 -1 11 -1 21 -1 21 -1 21 -1 19 -1 8 -1 21 -1 2 -1 11 -1 3 -1 11 -1 6 -1 24 -1 19 -1 17 -1 8 -1 2 -1 5 -1 13 -1 7 -1 16 -1 18 -1 18 -1 16 -1 15 -1 16 -1 19 -1 19 -1 10 -1 19 -1 2 -1 18 -1 15 -1 6 -1 4 -1 18 -1 18 -1 2 -1 24 -1 13 -1 10 -1 16 -1 22 -1 18 -1 3 -1 5 -1 17 -1 6 -1 19 -1 8 -1 8 -1 4 -1 17 -1 6 -1 -2
11 -1 4 -1 2 -1 7 -1 13 -1 16 -1 16 -1 18 -1 18 -1 16 -1 19 -1 15 -1 19 -1 19 -1 19 -1 6 -1 2 -1 18 -1 6 -1 6 -1 4 -1 19 -1 13 -1 2 -1 24 -1 10 -1 10 -1 17 -1 22 -1 17 -1 3 -1 7 -1 17 -1 6 -1 24 -1 17 -1 19 -1 4 -1 17 -1 6 -1 2 -1 6 -1 2 -1 15 -1 18 -1 21 -1 10 -1 13 -1 6 -1 8 -1 4 -1 8 -1 13 -1 2 -1 2 -1 19 -1 19 -1 3 -1 17 -1 2 -1 13 -1 -2
11 -1 4 -1 2 -1 7 -1 13 -1 16 -1 16 -1 18 -1 18 -1 16 -1 15 -1 15 -1 19 -1 19 -1 10 -1 19 -1 2 -1 15 -1 6 -1 4 -1 19 -1 13 -1 2 -1 24 -1 10 -1 10 -1 17 -1 22 -1 17 -1 3 -1 7 -1 17 -1 6 -1 18 -1 8 -1 19 -1 4 -1 17 -1 6 -1 2 -1 6 -1 2 -1 15 -1 18 -1 21 -1 10 -1 10 -1 6 -1 8 -1 4 -1 8 -1 13 -1 2 -1 2 -1 19 -1 19 -1 3 -1 10 -1 2 -1 13 -1 13 -1 -2
11 -1 4 -1 2 -1 7 -1 13 -1 16 -1 16 -1 18 -1 8 -1 16 -1 19 -1 15 -1 19 -1 19 -1 19 -1 6 -1 2 -1 18 -1 6 -1 6 -1 4 -1 19 -1 13 -1 2 -1 24 -1 10 -1 10 -1 17 -1 22 -1 17 -1 3 -1 7 -1 17 -1 6 -1 24 -1 17 -1 19 -1 4 -1 17 -1 6 -1 2 -1 6 -1 2 -1 15 -1 18 -1 21 -1 10 -1 13 -1 6 -1 8 -1 4 -1 8 -1 13 -1 2 -1 2 -1 19 -1 19 -1 3 -1 17 -1 2 -1 13 -1 -2
12 -1 4 -1 2 -1 7 -1 13 -1 16 -1 16 -1 18 -1 18 -1 16 -1 15 -1 15 -1 19 -1 19 -1 10 -1 19 -1 2 -1 15 -1 6 -1 4 -1 19 -1 13 -1 2 -1 24 -1 10 -1 10 -1 16 -1 22 -1 18 -1 3 -1 7 -1 17 -1 6 -1 19 -1 8 -1 8 -1 4 -1 17 -1 6 -1 2 -1 6 -1 2 -1 15 -1 18 -1 21 -1 10 -1 10 -1 6 -1 21 -1 10 -1 8 -1 13 -1 2 -1 2 -1 19 -1 19 -1 3 -1 17 -1 2 -1 13 -1 13 -1 -2
11 -1 4 -1 2 -1 7 -1 13 -1 16 -1 16 -1 18 -1 18 -1 4 -1 15 -1 15 -1 19 -1 19 -1 19 -1 17 -1 2 -1 18 -1 6 -1 6 -1 4 -1 19 -1 13 -1 2 -1 24 -1 10 -1 10 -1 17 -1 22 -1 17 -1 3 -1 7 -1 17 -1 6 -1 24 -1 17 -1 19 -1 4 -1 17 -1 6 -1 2 -1 6 -1 2 -1 15 -1 19 -1 21 -1 10 -1 10 -1 6 -1 8 -1 4 -1 11 -1 13 -1 2 -1 2 -1 19 -1 19 -1 3 -1 17 -1 2 -1 13 -1 -2
11 -1 4 -1 2 -1 7 -1 13 -1 16 -1 16 -1 18 -1 18 -1 16 -1 15 -1 15 -1 19 -1 19 -1 10 -1 19 -1 2 -1 18 -1 6 -1 4 -1 19 -1 13 -1 2 -1 24 -1 10 -1 10 -1 22 -1 22 -1 18 -1 3 -1 7 -1 17 -1 6 -1 19 -1 8 -1 8 -1 4 -1 17 -1 6 -1 2 -1 6 -1 2 -1 15 -1 10 -1 21 -1 10 -1 15 -1 6 -1 21 -1 13 -1 11 -1 13 -1 2 -1 2 -1 17 -1 19 -1 3 -1 17 -1 2 -1 13 -1 13 -1 -2
11 -1 4 -1 2 -1 7 -1 13 -1 16 -1 16 -1 18 -1 18 -1 16 -1 15 -1 15 -1 19 -1 19 -1 10 -1 19 -1 2 -1 15 -1 6 -1 4 -1 19 -1 13 -1 2 -1 24 -1 10 -1 10 -1 21 -1 22 -1 17 -1 3 -1 7 -1 17 -1 6 -1 19 -1 8 -1 8 -1 4 -1 17 -1 6 -1 2 -1 6 -1 2 -1 15 -1 19 -1 21 -1 10 -1 15 -1 6 -1 8 -1 10 -1 11 -1 13 -1 2 -1 2 -1 19 -1 19 -1 3 -1 10 -1 2 -1 13 -1 13 -1 -2
11 -1 4 -1 2 -1 7 -1 13 -1 16 -1 16 -1 18 -1 18 -1 16 -1 0 -1 15 -1 19 -1 19 -1 10 -1 19 -1 2 -1 18 -1 6 -1 4 -1 19 -1 13 -1 2 -1 24 -1 10 -1 10 -1 22 -1 22 -1 18 -1 3 -1 7 -1 17 -1 6 -1 19 -1 8 -1 8 -1 4 -1 17 -1 6 -1 2 -1 6 -1 2 -1 15 -1 10 -1 21 -1 10 -1 15 -1 6 -1 21 -1 10 -1 11 -1 13 -1 2 -1 2 -1 17 -1 19 -1 3 -1 17 -1 2 -1 13 -1 13 -1 -2
12 -1 19 -1 2 -1 2 -1 13 -1 16 -1 16 -1 18 -1 18 -1 16 -1 15 -1 10 -1 19 -1 19 -1 19 -1 8 -1 2 -1 0 -1 6 -1 6 -1 4 -1 18 -1 18 -1 2 -1 24 -1 10 -1 10 -1 19 -1 22 -1 18 -1 3 -1 7 -1 17 -1 6 -1 18 -1 17 -1 19 -1 4 -1 17 -1 6 -1 2 -1 6 -1 2 -1 15 -1 7 -1 21 -1 10 -1 15 -1 6 -1 8 -1 10 -1 11 -1 19 -1 2 -1 2 -1 10 -1 19 -1 3 -1 4 -1 2 -1 13 -1 -2
12 -1 10 -1 19 -1 11 -1 11 -1 11 -1 19 -1 11 -1 21 -1 21 -1 21 -1 19 -1 8 -1 21 -1 2 -1 11 -1 3 -1 11 -1 6 -1 24 -1 19 -1 11 -1 19 -1 2 -1 2 -1 13 -1 16 -1 16 -1 18 -1 18 -1 16 -1 15 -1 10 -1 19 -1 19 -1 19 -1 3 -1 2 -1 0 -1 3 -1 13 -1 18 -1 2 -1 24 -1 10 -1 12 -1 19 -1 22 -1 17 -1 3 -1 7 -1 17 -1 6 -1 19 -1 17 -1 8 -1 4 -1 17 -1 6 -1 2 -1 6 -1 -2
11 -1 10 -1 2 -1 7 -1 10 -1 0 -1 16 -1 5 -1 15 -1 13 -1 8 -1 4 -1 19 -1 16 -1 2 -1 10 -1 22 -1 16 -1 19 -1 11 -1 2 -1 5 -1 16 -1 17 -1 3 -1 21 -1 10 -1 15 -1 7 -1 15 -1 18 -1 18 -1 12 -1 8 -1 21 -1 11 -1 17 -1 6 -1 2 -1 19 -1 18 -1 18 -1 2 -1 6 -1 10 -1 6 -1 0 -1 12 -1 2 -1 2 -1 0 -1 19 -1 3 -1 11 -1 2 -1 13 -1 6 -1 15 -1 18 -1 19 -1 15 -1 -2
12 -1 19 -1 2 -1 2 -1 13 -1 16 -1 16 -1 18 -1 18 -1 16 -1 15 -1 10 -1 19 -1 19 -1 19 -1 13 -1 2 -1 0 -1 4 -1 18 -1 18 -1 2 -1 24 -1 10 -1 10 -1 19 -1 22 -1 18 -1 3 -1 7 -1 17 -1 6 -1 19 -1 17 -1 8 -1 4 -1 17 -1 6 -1 2 -1 6 -1 2 -1 15 -1 16 -1 21 -1 10 -1 18 -1 6 -1 8 -1 10 -1 11 -1 4 -1 2 -1 2 -1 7 -1 19 -1 13 -1 4 -1 2 -1 13 -1 13 -1 -2
11 -1 4 -1 2 -1 7 -1 13 -1 16 -1 16 -1 18 -1 18 -1 16 -1 19 -1 15 -1 19 -1 19 -1 16 -1 19 -1 2 -1 15 -1 6 -1 4 -1 19 -1 13 -1 2 -1 24 -1 10 -1 10 -1 16 -1 22 -1 18 -1 3 -1 7 -1 17 -1 6 -1 18 -1 17 -1 19 -1 4 -1 17 -1 6 -1 2 -1 6 -1 2 -1 15 -1 19 -1 21 -1 10 -1 15 -1 6 -1 8 -1 10 -1 11 -1 10 -1 2 -1 2 -1 19 -1 19 -1 3 -1 17 -1 2 -1 13 -1 10 -1 -2
17 -1 17 -1 2 -1 24 -1 13 -1 16 -1 16 -1 18 -1 18 -1 16 -1 15 -1 10 -1 19 -1 19 -1 10 -1 18 -1 2 -1 15 -1 15 -1 6 -1 4 -1 13 -1 18 -1 2 -1 24 -1 13 -1 10 -1 16 -1 22 -1 17 -1 3 -1 7 -1 17 -1 6 -1 18 -1 8 -1 19 -1 4 -1 17 -1 6 -1 2 -1 6 -1 2 -1 15 -1 19 -1 21 -1 10 -1 15 -1 6 -1 8 -1 10 -1 11 -1 17 -1 2 -1 2 -1 4 -1 18 -1 4 -1 3 -1 2 -1 13 -1 -2
12 -1 8 -1 2 -1 7 -1 13 -1 16 -1 16 -1 18 -1 18 -1 16 -1 15 -1 15 -1 19 -1 8 -1 10 -1 19 -1 2 -1 15 -1 6 -1 4 -1 19 -1 13 -1 2 -1 24 -1 10 -1 10 -1 17 -1 22 -1 17 -1 3 -1 7 -1 17 -1 6 -1 19 -1 8 -1 8 -1 4 -1 17 -1 6 -1 2 -1 6 -1 2 -1 15 -1 18 -1 21 -1 10 -1 10 -1 6 -1 21 -1 6 -1 8 -1 24 -1 2 -1 2 -1 10 -1 19 -1 13 -1 10 -1 2 -1 13 -1 17 -1 -2
12 -1 8 -1 2 -1 7 -1 13 -1 16 -1 16 -1 18 -1 18 -1 16 -1 15 -1 15 -1 19 -1 8 -1 10 -1 19 -1 2 -1 15 -1 6 -1 4 -1 19 -1 13 -1 2 -1 24 -1 10 -1 10 -1 16 -1 22 -1 17 -1 3 -1 7 -1 17 -1 6 -1 19 -1 8 -1 8 -1 4 -1 17 -1 6 -1 2 -1 6 -1 2 -1 15 -1 18 -1 21 -1 10 -1 10 -1 6 -1 21 -1 6 -1 8 -1 24 -1 2 -1 2 -1 10 -1 19 -1 3 -1 10 -1 2 -1 13 -1 17 -1 -2
12 -1 8 -1 2 -1 7 -1 13 -1 16 -1 16 -1 18 -1 18 -1 16 -1 17 -1 15 -1 19 -1 8 -1 10 -1 19 -1 2 -1 15 -1 6 -1 4 -1 19 -1 13 -1 2 -1 24 -1 10 -1 10 -1 17 -1 22 -1 17 -1 3 -1 7 -1 17 -1 6 -1 19 -1 8 -1 8 -1 4 -1 17 -1 6 -1 2 -1 6 -1 2 -1 15 -1 18 -1 21 -1 10 -1 10 -1 6 -1 21 -1 6 -1 8 -1 24 -1 2 -1 2 -1 10 -1 19 -1 3 -1 10 -1 2 -1 13 -1 17 -1 -2
11 -1 19 -1 2 -1 2 -1 13 -1 16 -1 16 -1 18 -1 18 -1 16 -1 15 -1 10 -1 19 -1 19 -1 19 -1 3 -1 2 -1 0 -1 3 -1 13 -1 18 -1 2 -1 24 -1 10 -1 10 -1 19 -1 22 -1 10 -1 3 -1 7 -1 17 -1 6 -1 19 -1 17 -1 8 -1 4 -1 17 -1 6 -1 2 -1 6 -1 2 -1 15 -1 16 -1 21 -1 10 -1 15 -1 6 -1 8 -1 10 -1 11 -1 4 -1 2 -1 2 -1 10 -1 19 -1 13 -1 4 -1 2 -1 13 -1 13 -1 -2
12 -1 8 -1 2 -1 24 -1 10 -1 16 -1 16 -1 18 -1 11 -1 16 -1 5 -1 15 -1 8 -1 19 -1 19 -1 21 -1 2 -1 15 -1 6 -1 4 -1 10 -1 13 -1 2 -1 24 -1 10 -1 10 -1 16 -1 22 -1 18 -1 6 -1 7 -1 17 -1 6 -1 19 -1 8 -1 8 -1 4 -1 17 -1 6 -1 2 -1 6 -1 2 -1 15 -1 18 -1 21 -1 10 -1 10 -1 6 -1 8 -1 4 -1 8 -1 13 -1 2 -1 2 -1 19 -1 19 -1 3 -1 10 -1 2 -1 13 -1 17 -1 -2
11 -1 13 -1 2 -1 7 -1 13 -1 16 -1 12 -1 18 -1 0 -1 16 -1 15 -1 15 -1 19 -1 19 -1 19 -1 17 -1 2 -1 18 -1 17 -1 22 -1 4 -1 19 -1 13 -1 2 -1 24 -1 10 -1 10 -1 17 -1 22 -1 17 -1 3 -1 7 -1 17 -1 6 -1 24 -1 10 -1 19 -1 4 -1 17 -1 6 -1 2 -1 6 -1 2 -1 15 -1 19 -1 21 -1 10 -1 10 -1 6 -1 8 -1 16 -1 11 -1 7 -1 2 -1 2 -1 19 -1 18 -1 3 -1 13 -1 2 -1 13 -1 -2
12 -1 10 -1 19 -1 11 -1 11 -1 11 -1 19 -1 11 -1 21 -1 21 -1 21 -1 19 -1 8 -1 21 -1 2 -1 11 -1 3 -1 11 -1 6 -1 24 -1 19 -1 11 -1 19 -1 2 -1 2 -1 13 -1 16 -1 16 -1 18 -1 18 -1 16 -1 15 -1 10 -1 19 -1 19 -1 19 -1 3 -1 2 -1 0 -1 3 -1 3 -1 18 -1 2 -1 24 -1 10 -1 10 -1 19 -1 22 -1 10 -1 3 -1 7 -1 17 -1 6 -1 19 -1 17 -1 8 -1 4 -1 17 -1 6 -1 2 -1 6 -1 -2
12 -1 8 -1 2 -1 24 -1 10 -1 16 -1 17 -1 18 -1 11 -1 16 -1 5 -1 15 -1 8 -1 19 -1 19 -1 21 -1 2 -1 15 -1 6 -1 4 -1 10 -1 13 -1 2 -1 24 -1 10 -1 10 -1 16 -1 22 -1 18 -1 6 -1 7 -1 17 -1 6 -1 19 -1 8 -1 8 -1 4 -1 17 -1 6 -1 2 -1 6 -1 2 -1 15 -1 18 -1 21 -1 10 -1 10 -1 6 -1 8 -1 4 -1 8 -1 13 -1 2 -1 2 -1 19 -1 19 -1 3 -1 10 -1 2 -1 13 -1 17 -1 -2
17 -1 17 -1 2 -1 5 -1 13 -1 7 -1 15 -1 18 -1 18 -1 16 -1 15 -1 16 -1 19 -1 13 -1 10 -1 18 -1 2 -1 15 -1 15 -1 6 -1 4 -1 13 -1 18 -1 2 -1 24 -1 13 -1 10 -1 16 -1 22 -1 17 -1 3 -1 7 -1 17 -1 6 -1 19 -1 8 -1 8 -1 4 -1 17 -1 6 -1 2 -1 6 -1 2 -1 15 -1 19 -1 21 -1 10 -1 15 -1 6 -1 8 -1 10 -1 11 -1 17 -1 2 -1 2 -1 16 -1 18 -1 3 -1 3 -1 2 -1 13 -1 -2
17 -1 17 -1 2 -1 5 -1 13 -1 7 -1 15 -1 18 -1 18 -1 16 -1 15 -1 16 -1 19 -1 13 -1 10 -1 18 -1 2 -1 15 -1 15 -1 6 -1 4 -1 13 -1 18 -1 2 -1 24 -1 13 -1 10 -1 16 -1 22 -1 17 -1 3 -1 7 -1 17 -1 6 -1 19 -1 8 -1 8 -1 4 -1 17 -1 6 -1 2 -1 6 -1 2 -1 15 -1 16 -1 21 -1 10 -1 18 -1 6 -1 8 -1 10 -1 11 -1 17 -1 2 -1 2 -1 16 -1 18 -1 3 -1 3 -1 2 -1 13 -1 -2
17 -1 17 -1 2 -1 5 -1 13 -1 7 -1 15 -1 18 -1 18 -1 16 -1 15 -1 16 -1 19 -1 13 -1 10 -1 18 -1 2 -1 15 -1 15 -1 6 -1 4 -1 13 -1 18 -1 2 -1 24 -1 13 -1 10 -1 16 -1 22 -1 17 -1 3 -1 7 -1 17 -1 6 -1 19 -1 8 -1 19 -1 4 -1 17 -1 6 -1 2 -1 6 -1 2 -1 15 -1 16 -1 21 -1 10 -1 18 -1 6 -1 8 -1 10 -1 11 -1 19 -1 2 -1 2 -1 16 -1 18 -1 3 -1 3 -1 2 -1 13 -1 -2
17 -1 17 -1 2 -1 24 -1 13 -1 16 -1 16 -1 18 -1 18 -1 16 -1 15 -1 10 -1 19 -1 19 -1 10 -1 18 -1 2 -1 15 -1 15 -1 6 -1 4 -1 13 -1 18 -1 2 -1 24 -1 13 -1 10 -1 16 -1 22 -1 17 -1 3 -1 7 -1 17 -1 6 -1 18 -1 8 -1 19 -1 4 -1 17 -1 6 -1 2 -1 6 -1 2 -1 15 -1 10 -1 21 -1 10 -1 15 -1 6 -1 8 -1 10 -1 11 -1 17 -1 2 -1 2 -1 4 -1 18 -1 4 -1 3 -1 2 -1 13 -1 -2
17 -1 17 -1 2 -1 5 -1 13 -1 16 -1 16 -1 18 -1 18 -1 16 -1 15 -1 16 -1 19 -1 13 -1 10 -1 18 -1 2 -1 15 -1 15 -1 6 -1 4 -1 13 -1 18 -1 2 -1 24 -1 17 -1 10 -1 16 -1 22 -1 17 -1 3 -1 7 -1 17 -1 6 -1 19 -1 8 -1 8 -1 4 -1 17 -1 6 -1 2 -1 6 -1 2 -1 15 -1 19 -1 21 -1 10 -1 15 -1 6 -1 8 -1 10 -1 11 -1 17 -1 2 -1 2 -1 16 -1 18 -1 4 -1 3 -1 2 -1 13 -1 -2
17 -1 17 -1 2 -1 5 -1 13 -1 16 -1 16 -1 18 -1 18 -1 16 -1 15 -1 16 -1 19 -1 13 -1 10 -1 18 -1 2 -1 15 -1 15 -1 6 -1 4 -1 13 -1 18 -1 2 -1 24 -1 17 -1 10 -1 16 -1 22 -1 17 -1 3 -1 7 -1 17 -1 6 -1 19 -1 8 -1 8 -1 4 -1 17 -1 6 -1 2 -1 6 -1 2 -1 15 -1 19 -1 21 -1 10 -1 15 -1 6 -1 21 -1 10 -1 11 -1 17 -1 2 -1 2 -1 16 -1 18 -1 4 -1 3 -1 2 -1 13 -1 -2
17 -1 17 -1 2 -1 5 -1 13 -1 16 -1 16 -1 18 -1 18 -1 16 -1 15 -1 10 -1 19 -1 19 -1 10 -1 18 -1 2 -1 15 -1 15 -1 6 -1 4 -1 13 -1 18 -1 2 -1 24 -1 13 -1 10 -1 16 -1 22 -1 17 -1 3 -1 7 -1 17 -1 6 -1 18 -1 8 -1 19 -1 4 -1 17 -1 6 -1 2 -1 6 -1 2 -1 15 -1 10 -1 21 -1 10 -1 15 -1 6 -1 8 -1 10 -1 11 -1 17 -1 2 -1 2 -1 4 -1 18 -1 4 -1 3 -1 2 -1 13 -1 -2
11 -1 19 -1 2 -1 21 -1 19 -1 3 -1 10 -1 18 -1 5 -1 6 -1 6 -1 21 -1 13 -1 19 -1 4 -1 4 -1 2 -1 0 -1 0 -1 6 -1 16 -1 10 -1 8 -1 2 -1 5 -1 10 -1 13 -1 22 -1 10 -1 10 -1 12 -1 6 -1 15 -1 10 -1 11 -1 24 -1 3 -1 21 -1 10 -1 17 -1 6 -1 2 -1 19 -1 0 -1 19 -1 2 -1 15 -1 10 -1 0 -1 3 -1 3 -1 3 -1 6 -1 2 -1 21 -1 10 -1 2 -1 2 -1 13 -1 19 -1 3 -1 -2
11 -1 19 -1 2 -1 21 -1 19 -1 6 -1 10 -1 18 -1 8 -1 6 -1 6 -1 8 -1 18 -1 19 -1 4 -1 4 -1 2 -1 0 -1 0 -1 6 -1 16 -1 10 -1 17 -1 2 -1 5 -1 10 -1 10 -1 22 -1 19 -1 10 -1 12 -1 6 -1 15 -1 10 -1 11 -1 24 -1 3 -1 21 -1 18 -1 17 -1 6 -1 2 -1 19 -1 0 -1 19 -1 2 -1 15 -1 10 -1 0 -1 3 -1 4 -1 24 -1 6 -1 2 -1 21 -1 10 -1 2 -1 2 -1 13 -1 8 -1 3 -1 -2
11 -1 19 -1 2 -1 21 -1 19 -1 6 -1 10 -1 18 -1 8 -1 6 -1 6 -1 8 -1 18 -1 19 -1 4 -1 4 -1 2 -1 0 -1 0 -1 6 -1 16 -1 10 -1 17 -1 2 -1 13 -1 10 -1 10 -1 22 -1 19 -1 10 -1 12 -1 6 -1 15 -1 10 -1 11 -1 24 -1 3 -1 21 -1 18 -1 17 -1 6 -1 2 -1 0 -1 0 -1 19 -1 2 -1 15 -1 19 -1 0 -1 3 -1 4 -1 24 -1 6 -1 2 -1 21 -1 10 -1 2 -1 2 -1 13 -1 19 -1 3 -1 -2
11 -1 19 -1 2 -1 21 -1 19 -1 6 -1 10 -1 18 -1 8 -1 6 -1 6 -1 8 -1 18 -1 19 -1 4 -1 4 -1 2 -1 0 -1 0 -1 6 -1 16 -1 10 -1 8 -1 2 -1 5 -1 10 -1 10 -1 22 -1 19 -1 10 -1 12 -1 6 -1 15 -1 10 -1 11 -1 24 -1 3 -1 21 -1 18 -1 17 -1 6 -1 2 -1 19 -1 0 -1 19 -1 2 -1 15 -1 10 -1 0 -1 3 -1 4 -1 24 -1 6 -1 2 -1 21 -1 10 -1 2 -1 2 -1 10 -1 19 -1 3 -1 -2
11 -1 19 -1 2 -1 21 -1 19 -1 6 -1 10 -1 18 -1 8 -1 6 -1 6 -1 8 -1 18 -1 19 -1 4 -1 4 -1 2 -1 0 -1 0 -1 6 -1 16 -1 10 -1 8 -1 2 -1 13 -1 10 -1 10 -1 22 -1 19 -1 10 -1 12 -1 6 -1 15 -1 10 -1 11 -1 24 -1 3 -1 21 -1 18 -1 17 -1 6 -1 2 -1 19 -1 0 -1 19 -1 2 -1 15 -1 10 -1 0 -1 3 -1 4 -1 24 -1 6 -1 2 -1 21 -1 10 -1 2 -1 2 -1 13 -1 19 -1 3 -1 -2
12 -1 10 -1 19 -1 11 -1 11 -1 11 -1 19 -1 11 -1 21 -1 21 -1 21 -1 19 -1 8 -1 21 -1 2 -1 11 -1 3 -1 11 -1 6 -1 24 -1 19 -1 11 -1 19 -1 2 -1 21 -1 19 -1 6 -1 10 -1 18 -1 8 -1 6 -1 6 -1 8 -1 18 -1 19 -1 4 -1 4 -1 2 -1 0 -1 0 -1 6 -1 16 -1 10 -1 8 -1 2 -1 5 -1 10 -1 10 -1 22 -1 19 -1 10 -1 12 -1 6 -1 15 -1 10 -1 11 -1 24 -1 3 -1 21 -1 18 -1 17 -1 -2
11 -1 19 -1 2 -1 21 -1 19 -1 18 -1 10 -1 18 -1 8 -1 5 -1 6 -1 8 -1 19 -1 19 -1 4 -1 3 -1 2 -1 15 -1 3 -1 6 -1 16 -1 13 -1 11 -1 2 -1 5 -1 10 -1 17 -1 17 -1 7 -1 24 -1 21 -1 21 -1 15 -1 10 -1 8 -1 24 -1 3 -1 8 -1 19 -1 17 -1 6 -1 2 -1 21 -1 0 -1 19 -1 2 -1 15 -1 8 -1 15 -1 4 -1 13 -1 24 -1 3 -1 18 -1 8 -1 7 -1 2 -1 2 -1 10 -1 19 -1 4 -1 -2
17 -1 8 -1 2 -1 24 -1 18 -1 7 -1 10 -1 0 -1 18 -1 11 -1 15 -1 17 -1 0 -1 19 -1 10 -1 19 -1 2 -1 21 -1 4 -1 13 -1 18 -1 2 -1 24 -1 10 -1 12 -1 5 -1 8 -1 17 -1 19 -1 18 -1 15 -1 3 -1 24 -1 8 -1 18 -1 3 -1 17 -1 6 -1 2 -1 6 -1 2 -1 15 -1 19 -1 0 -1 12 -1 22 -1 15 -1 24 -1 16 -1 19 -1 0 -1 2 -1 2 -1 10 -1 6 -1 3 -1 17 -1 2 -1 13 -1 10 -1 -2
12 -1 10 -1 19 -1 11 -1 11 -1 11 -1 19 -1 11 -1 11 -1 21 -1 21 -1 19 -1 8 -1 21 -1 2 -1 11 -1 3 -1 11 -1 0 -1 7 -1 19 -1 17 -1 8 -1 2 -1 24 -1 18 -1 7 -1 10 -1 11 -1 11 -1 16 -1 0 -1 10 -1 19 -1 19 -1 10 -1 19 -1 2 -1 4 -1 4 -1 13 -1 18 -1 2 -1 24 -1 10 -1 17 -1 18 -1 11 -1 15 -1 10 -1 8 -1 15 -1 11 -1 8 -1 8 -1 8 -1 6 -1 17 -1 6 -1 2 -1 6 -1 -2
17 -1 8 -1 2 -1 24 -1 19 -1 7 -1 10 -1 18 -1 11 -1 16 -1 0 -1 10 -1 19 -1 19 -1 10 -1 18 -1 2 -1 4 -1 6 -1 13 -1 19 -1 2 -1 24 -1 10 -1 12 -1 5 -1 8 -1 17 -1 19 -1 18 -1 17 -1 4 -1 24 -1 8 -1 18 -1 4 -1 17 -1 6 -1 2 -1 6 -1 2 -1 15 -1 19 -1 0 -1 12 -1 22 -1 15 -1 24 -1 16 -1 19 -1 4 -1 2 -1 2 -1 10 -1 6 -1 3 -1 17 -1 2 -1 13 -1 10 -1 -2
12 -1 8 -1 2 -1 24 -1 18 -1 7 -1 10 -1 19 -1 15 -1 16 -1 13 -1 18 -1 0 -1 19 -1 8 -1 19 -1 2 -1 4 -1 4 -1 10 -1 19 -1 2 -1 24 -1 10 -1 5 -1 21 -1 19 -1 10 -1 11 -1 15 -1 6 -1 21 -1 8 -1 11 -1 0 -1 17 -1 6 -1 2 -1 6 -1 2 -1 15 -1 10 -1 10 -1 4 -1 8 -1 5 -1 17 -1 10 -1 18 -1 8 -1 7 -1 2 -1 2 -1 17 -1 18 -1 3 -1 10 -1 2 -1 13 -1 4 -1 -2
17 -1 8 -1 2 -1 24 -1 13 -1 7 -1 16 -1 18 -1 13 -1 19 -1 15 -1 0 -1 19 -1 19 -1 10 -1 18 -1 2 -1 21 -1 4 -1 13 -1 18 -1 2 -1 24 -1 10 -1 18 -1 8 -1 22 -1 0 -1 3 -1 7 -1 17 -1 6 -1 19 -1 8 -1 8 -1 10 -1 17 -1 6 -1 2 -1 6 -1 2 -1 15 -1 17 -1 21 -1 10 -1 18 -1 10 -1 8 -1 10 -1 2 -1 2 -1 10 -1 18 -1 3 -1 13 -1 2 -1 13 -1 11 -1 -2
17 -1 8 -1 2 -1 24 -1 13 -1 7 -1 11 -1 6 -1 19 -1 10 -1 15 -1 15 -1 19 -1 19 -1 4 -1 2 -1 19 -1 16 -1 4 -1 3 -1 18 -1 2 -1 24 -1 10 -1 13 -1 8 -1 22 -1 17 -1 13 -1 8 -1 19 -1 5 -1 3 -1 13 -1 8 -1 17 -1 17 -1 6 -1 2 -1 6 -1 2 -1 5 -1 19 -1 15 -1 17 -1 6 -1 3 -1 12 -1 15 -1 6 -1 15 -1 24 -1 2 -1 2 -1 4 -1 18 -1 3 -1 10 -1 2 -1 13 -1 11 -1 -2
12 -1 8 -1 2 -1 24 -1 18 -1 7 -1 10 -1 19 -1 15 -1 16 -1 13 -1 18 -1 0 -1 19 -1 8 -1 19 -1 2 -1 4 -1 4 -1 10 -1 19 -1 2 -1 24 -1 10 -1 10 -1 5 -1 21 -1 19 -1 13 -1 21 -1 15 -1 6 -1 21 -1 8 -1 11 -1 0 -1 17 -1 6 -1 2 -1 6 -1 2 -1 15 -1 10 -1 10 -1 4 -1 8 -1 5 -1 17 -1 18 -1 8 -1 7 -1 2 -1 2 -1 17 -1 18 -1 3 -1 10 -1 2 -1 13 -1 4 -1 -2
11 -1 4 -1 2 -1 24 -1 17 -1 2 -1 6 -1 21 -1 18 -1 6 -1 2 -1 7 -1 11 -1 17 -1 19 -1 19 -1 2 -1 18 -1 0 -1 10 -1 4 -1 10 -1 5 -1 2 -1 0 -1 10 -1 16 -1 7 -1 13 -1 17 -1 8 -1 18 -1 19 -1 11 -1 22 -1 22 -1 7 -1 6 -1 2 -1 21 -1 4 -1 19 -1 2 -1 19 -1 4 -1 3 -1 4 -1 19 -1 22 -1 10 -1 5 -1 24 -1 17 -1 10 -1 2 -1 2 -1 19 -1 19 -1 13 -1 11 -1 2 -1 -2
19 -1 8 -1 2 -1 24 -1 18 -1 7 -1 19 -1 19 -1 19 -1 18 -1 17 -1 0 -1 8 -1 11 -1 10 -1 3 -1 2 -1 6 -1 4 -1 13 -1 18 -1 2 -1 24 -1 17 -1 10 -1 18 -1 17 -1 17 -1 7 -1 15 -1 15 -1 10 -1 12 -1 21 -1 11 -1 6 -1 17 -1 6 -1 2 -1 6 -1 2 -1 15 -1 15 -1 6 -1 3 -1 3 -1 24 -1 11 -1 4 -1 21 -1 10 -1 2 -1 2 -1 19 -1 18 -1 15 -1 3 -1 10 -1 2 -1 13 -1 24 -1 -2
17 -1 8 -1 2 -1 24 -1 8 -1 7 -1 10 -1 0 -1 18 -1 11 -1 15 -1 17 -1 0 -1 19 -1 10 -1 19 -1 2 -1 21 -1 4 -1 13 -1 19 -1 2 -1 24 -1 10 -1 12 -1 5 -1 8 -1 17 -1 19 -1 16 -1 17 -1 4 -1 24 -1 8 -1 18 -1 4 -1 17 -1 6 -1 2 -1 6 -1 2 -1 15 -1 19 -1 0 -1 12 -1 22 -1 15 -1 24 -1 16 -1 19 -1 4 -1 2 -1 2 -1 10 -1 6 -1 3 -1 17 -1 2 -1 13 -1 10 -1 -2
17 -1 8 -1 2 -1 24 -1 18 -1 7 -1 10 -1 0 -1 18 -1 11 -1 15 -1 17 -1 0 -1 19 -1 10 -1 19 -1 2 -1 21 -1 4 -1 13 -1 19 -1 2 -1 24 -1 10 -1 12 -1 5 -1 8 -1 17 -1 19 -1 7 -1 17 -1 16 -1 24 -1 8 -1 18 -1 4 -1 17 -1 6 -1 2 -1 6 -1 2 -1 15 -1 19 -1 0 -1 12 -1 22 -1 15 -1 24 -1 16 -1 19 -1 4 -1 2 -1 2 -1 10 -1 6 -1 3 -1 17 -1 2 -1 13 -1 10 -1 -2
19 -1 12 -1 2 -1 24 -1 18 -1 7 -1 19 -1 19 -1 19 -1 18 -1 17 -1 0 -1 8 -1 11 -1 19 -1 13 -1 2 -1 6 -1 4 -1 13 -1 18 -1 2 -1 24 -1 17 -1 10 -1 18 -1 17 -1 17 -1 7 -1 15 -1 15 -1 10 -1 12 -1 21 -1 11 -1 6 -1 17 -1 6 -1 2 -1 6 -1 2 -1 15 -1 15 -1 6 -1 3 -1 3 -1 13 -1 11 -1 4 -1 21 -1 10 -1 2 -1 2 -1 19 -1 18 -1 15 -1 3 -1 10 -1 2 -1 13 -1 24 -1 -2
12 -1 10 -1 19 -1 11 -1 11 -1 11 -1 19 -1 11 -1 11 -1 21 -1 21 -1 19 -1 8 -1 21 -1 2 -1 11 -1 3 -1 11 -1 0 -1 18 -1 19 -1 12 -1 8 -1 2 -1 24 -1 18 -1 7 -1 10 -1 19 -1 15 -1 16 -1 15 -1 18 -1 0 -1 19 -1 8 -1 19 -1 2 -1 4 -1 4 -1 10 -1 19 -1 2 -1 24 -1 10 -1 10 -1 18 -1 21 -1 17 -1 10 -1 11 -1 15 -1 0 -1 8 -1 21 -1 0 -1 6 -1 17 -1 6 -1 2 -1 6 -1 -2
12 -1 10 -1 19 -1 11 -1 11 -1 11 -1 19 -1 11 -1 21 -1 21 -1 21 -1 19 -1 8 -1 21 -1 2 -1 11 -1 3 -1 11 -1 6 -1 24 -1 19 -1 11 -1 19 -1 2 -1 21 -1 19 -1 19 -1 10 -1 18 -1 8 -1 6 -1 6 -1 21 -1 19 -1 19 -1 4 -1 3 -1 2 -1 15 -1 0 -1 6 -1 16 -1 13 -1 21 -1 2 -1 5 -1 10 -1 17 -1 22 -1 7 -1 24 -1 21 -1 19 -1 15 -1 10 -1 13 -1 24 -1 3 -1 8 -1 8 -1 10 -1 -2
11 -1 17 -1 2 -1 11 -1 13 -1 2 -1 15 -1 4 -1 21 -1 5 -1 2 -1 17 -1 13 -1 5 -1 7 -1 19 -1 2 -1 17 -1 13 -1 6 -1 4 -1 10 -1 8 -1 2 -1 5 -1 10 -1 17 -1 5 -1 3 -1 16 -1 17 -1 10 -1 11 -1 11 -1 6 -1 10 -1 17 -1 24 -1 19 -1 17 -1 6 -1 2 -1 0 -1 21 -1 19 -1 2 -1 15 -1 21 -1 0 -1 10 -1 15 -1 17 -1 4 -1 8 -1 21 -1 4 -1 2 -1 2 -1 18 -1 19 -1 3 -1 -2
11 -1 19 -1 2 -1 11 -1 8 -1 2 -1 15 -1 4 -1 10 -1 24 -1 2 -1 13 -1 10 -1 21 -1 7 -1 19 -1 2 -1 17 -1 13 -1 6 -1 4 -1 13 -1 16 -1 2 -1 5 -1 10 -1 17 -1 5 -1 13 -1 4 -1 17 -1 10 -1 11 -1 11 -1 6 -1 10 -1 17 -1 24 -1 19 -1 17 -1 6 -1 2 -1 0 -1 0 -1 19 -1 2 -1 15 -1 4 -1 0 -1 10 -1 15 -1 17 -1 4 -1 8 -1 21 -1 4 -1 2 -1 2 -1 19 -1 19 -1 3 -1 -2
11 -1 8 -1 2 -1 5 -1 13 -1 16 -1 4 -1 19 -1 24 -1 17 -1 15 -1 4 -1 19 -1 19 -1 19 -1 19 -1 2 -1 15 -1 3 -1 6 -1 4 -1 13 -1 2 -1 24 -1 18 -1 19 -1 5 -1 22 -1 7 -1 13 -1 3 -1 6 -1 7 -1 21 -1 10 -1 8 -1 4 -1 17 -1 6 -1 2 -1 6 -1 2 -1 15 -1 17 -1 21 -1 13 -1 15 -1 15 -1 8 -1 18 -1 8 -1 2 -1 2 -1 10 -1 19 -1 3 -1 10 -1 2 -1 13 -1 13 -1 -2
5 -1 19 -1 2 -1 5 -1 19 -1 19 -1 15 -1 18 -1 3 -1 19 -1 18 -1 4 -1 19 -1 2 -1 15 -1 3 -1 6 -1 16 -1 13 -1 8 -1 2 -1 24 -1 4 -1 10 -1 17 -1 22 -1 13 -1 18 -1 7 -1 16 -1 6 -1 21 -1 4 -1 8 -1 10 -1 6 -1 2 -1 21 -1 0 -1 18 -1 2 -1 15 -1 4 -1 5 -1 4 -1 18 -1 17 -1 5 -1 17 -1 24 -1 11 -1 11 -1 2 -1 2 -1 17 -1 8 -1 3 -1 13 -1 2 -1 13 -1 10 -1 -2
11 -1 4 -1 2 -1 24 -1 16 -1 12 -1 18 -1 10 -1 21 -1 21 -1 19 -1 2 -1 10 -1 15 -1 4 -1 4 -1 10 -1 5 -1 2 -1 24 -1 18 -1 3 -1 21 -1 5 -1 12 -1 15 -1 5 -1 17 -1 13 -1 7 -1 21 -1 24 -1 19 -1 18 -1 6 -1 2 -1 18 -1 18 -1 24 -1 2 -1 17 -1 3 -1 6 -1 19 -1 6 -1 4 -1 10 -1 2 -1 2 -1 19 -1 19 -1 3 -1 17 -1 2 -1 13 -1 6 -1 0 -1 17 -1 6 -1 6 -1 -2
11 -1 19 -1 2 -1 11 -1 8 -1 2 -1 15 -1 4 -1 10 -1 24 -1 2 -1 13 -1 10 -1 21 -1 7 -1 19 -1 2 -1 17 -1 13 -1 6 -1 4 -1 13 -1 8 -1 2 -1 5 -1 10 -1 17 -1 5 -1 24 -1 4 -1 6 -1 13 -1 11 -1 11 -1 6 -1 10 -1 17 -1 24 -1 15 -1 17 -1 6 -1 2 -1 0 -1 0 -1 19 -1 2 -1 15 -1 4 -1 0 -1 10 -1 15 -1 17 -1 4 -1 8 -1 21 -1 4 -1 2 -1 2 -1 18 -1 19 -1 3 -1 -2
11 -1 19 -1 2 -1 11 -1 8 -1 2 -1 15 -1 4 -1 10 -1 24 -1 2 -1 13 -1 10 -1 21 -1 7 -1 19 -1 2 -1 11 -1 13 -1 6 -1 4 -1 13 -1 8 -1 2 -1 5 -1 10 -1 17 -1 5 -1 13 -1 17 -1 8 -1 11 -1 6 -1 10 -1 17 -1 24 -1 3 -1 11 -1 6 -1 2 -1 0 -1 0 -1 19 -1 2 -1 15 -1 19 -1 21 -1 10 -1 19 -1 6 -1 8 -1 21 -1 16 -1 2 -1 2 -1 18 -1 19 -1 3 -1 10 -1 2 -1 13 -1 -2
11 -1 19 -1 2 -1 11 -1 8 -1 2 -1 15 -1 4 -1 10 -1 24 -1 2 -1 13 -1 10 -1 21 -1 7 -1 19 -1 2 -1 11 -1 13 -1 6 -1 4 -1 10 -1 8 -1 2 -1 5 -1 10 -1 17 -1 24 -1 18 -1 4 -1 17 -1 10 -1 11 -1 11 -1 6 -1 10 -1 17 -1 24 -1 8 -1 17 -1 6 -1 2 -1 0 -1 3 -1 19 -1 2 -1 15 -1 21 -1 17 -1 10 -1 15 -1 17 -1 4 -1 8 -1 21 -1 16 -1 2 -1 2 -1 18 -1 19 -1 3 -1 -2
11 -1 19 -1 2 -1 11 -1 13 -1 2 -1 15 -1 4 -1 21 -1 24 -1 2 -1 17 -1 17 -1 5 -1 16 -1 8 -1 2 -1 17 -1 3 -1 6 -1 4 -1 10 -1 8 -1 2 -1 5 -1 10 -1 10 -1 5 -1 3 -1 16 -1 17 -1 13 -1 11 -1 11 -1 6 -1 10 -1 17 -1 24 -1 17 -1 17 -1 6 -1 2 -1 0 -1 0 -1 19 -1 2 -1 15 -1 4 -1 0 -1 10 -1 15 -1 17 -1 4 -1 8 -1 21 -1 16 -1 2 -1 2 -1 18 -1 19 -1 3 -1 -2
11 -1 19 -1 2 -1 11 -1 13 -1 2 -1 15 -1 4 -1 21 -1 24 -1 2 -1 17 -1 17 -1 5 -1 16 -1 10 -1 2 -1 17 -1 13 -1 6 -1 4 -1 10 -1 8 -1 2 -1 5 -1 10 -1 10 -1 5 -1 3 -1 16 -1 17 -1 13 -1 11 -1 11 -1 6 -1 10 -1 17 -1 24 -1 4 -1 8 -1 6 -1 2 -1 0 -1 0 -1 19 -1 2 -1 15 -1 4 -1 0 -1 10 -1 15 -1 17 -1 4 -1 8 -1 21 -1 16 -1 2 -1 2 -1 18 -1 19 -1 3 -1 -2
11 -1 17 -1 2 -1 11 -1 13 -1 2 -1 15 -1 4 -1 12 -1 5 -1 2 -1 6 -1 10 -1 5 -1 16 -1 8 -1 2 -1 17 -1 13 -1 6 -1 4 -1 10 -1 8 -1 2 -1 5 -1 10 -1 10 -1 11 -1 7 -1 16 -1 17 -1 17 -1 15 -1 11 -1 18 -1 17 -1 24 -1 8 -1 17 -1 6 -1 2 -1 0 -1 3 -1 19 -1 2 -1 15 -1 21 -1 6 -1 24 -1 15 -1 10 -1 4 -1 12 -1 8 -1 4 -1 2 -1 2 -1 18 -1 19 -1 3 -1 10 -1 -2
11 -1 4 -1 2 -1 24 -1 16 -1 12 -1 18 -1 10 -1 21 -1 21 -1 19 -1 2 -1 10 -1 15 -1 4 -1 4 -1 19 -1 5 -1 2 -1 24 -1 18 -1 3 -1 21 -1 5 -1 12 -1 15 -1 5 -1 17 -1 13 -1 7 -1 8 -1 21 -1 24 -1 19 -1 18 -1 6 -1 2 -1 18 -1 18 -1 24 -1 2 -1 17 -1 3 -1 6 -1 19 -1 6 -1 4 -1 10 -1 2 -1 2 -1 19 -1 19 -1 3 -1 17 -1 2 -1 13 -1 6 -1 0 -1 17 -1 6 -1 6 -1 -2
11 -1 4 -1 2 -1 24 -1 16 -1 10 -1 18 -1 10 -1 21 -1 21 -1 19 -1 2 -1 16 -1 15 -1 4 -1 16 -1 10 -1 5 -1 2 -1 24 -1 18 -1 3 -1 19 -1 12 -1 19 -1 5 -1 5 -1 15 -1 13 -1 7 -1 15 -1 21 -1 24 -1 11 -1 18 -1 6 -1 2 -1 19 -1 5 -1 2 -1 17 -1 19 -1 3 -1 4 -1 18 -1 6 -1 4 -1 17 -1 2 -1 2 -1 19 -1 19 -1 3 -1 17 -1 2 -1 13 -1 10 -1 -2
11 -1 19 -1 2 -1 5 -1 13 -1 2 -1 15 -1 4 -1 21 -1 24 -1 2 -1 13 -1 17 -1 5 -1 7 -1 19 -1 2 -1 17 -1 13 -1 6 -1 4 -1 10 -1 8 -1 2 -1 5 -1 10 -1 17 -1 5 -1 13 -1 4 -1 17 -1 10 -1 11 -1 11 -1 6 -1 10 -1 17 -1 24 -1 19 -1 17 -1 6 -1 2 -1 0 -1 0 -1 19 -1 2 -1 15 -1 21 -1 0 -1 10 -1 15 -1 17 -1 4 -1 8 -1 21 -1 4 -1 2 -1 2 -1 18 -1 19 -1 3 -1 -2